0.4596330275229358 0.46778797145769624 0.4777777777777778 0.47298674821610603 0.46503567787971456 0.46095820591233433 0.4669724770642202 0.4651376146788991 0.47268093781855247 0.455453618756371 0.4675840978593272 0.46095820591233433 0.4575942915392457 0.4651376146788991
0.47186544342507647 0.4817533129459735 0.4837920489296636 0.48450560652395513 0.4869520897043833 0.48491335372069316 0.49408766564729867 0.4902140672782875 0.48583078491335374 0.4873598369011213 0.49745158002038736 0.4943934760448522 0.4914373088685015 0.48858307849133537
0.4741080530071356 0.46992864424057085 0.4744138634046891 0.48154943934760447 0.48256880733944957 0.4872579001019368 0.49184505606523954 0.4834862385321101 0.4853211009174312 0.48338430173292557 0.48073394495412847 0.49011213047910296 0.4914373088685015 0.4975535168195719
0.46106014271151885 0.48460754332313966 0.4869520897043833 0.481039755351682 0.4847094801223242 0.481039755351682 0.48674821610601426 0.4835881753312946 0.4912334352701325 0.4930682976554536 0.48980632008154945 0.4941896024464832 0.49592252803261977 0.4871559633027523
0.45351681957186546 0.4560652395514781 0.44668705402650355 0.45565749235474007 0.4606523955147808 0.43700305810397555 0.4508664627930683 0.45321100917431195 0.4547400611620795 0.46167176350662587 0.4743119266055046 0.4773700305810398 0.46972477064220186 0.47696228338430174
0.46085626911314986 0.4614678899082569 0.47176350662589195 0.48807339449541287 0.4914373088685015 0.49194699286442406 0.4832823649337411 0.4892966360856269 0.4887869520897044 0.4935779816513762 0.48797145769622835 0.4889908256880734 0.4873598369011213 0.4961264016309888
0.4476044852191641 0.46167176350662587 0.4661569826707441 0.47054026503567786 0.4728848114169215 0.47206931702344546 0.481855249745158 0.4783893985728848 0.47298674821610603 0.47298674821610603 0.47003058103975537 0.4768603465851172 0.47512742099898064 0.47522935779816516
0.47563710499490314 0.4759429153924567 0.4948012232415902 0.4951070336391437 0.4923547400611621 0.4946992864424057 0.49378185524974516 0.49378185524974516 0.49011213047910296 0.4875637104994903 0.4943934760448522 0.4965341488277268 0.4945973496432212 0.49011213047910296
0.4648318042813456 0.4828746177370031 0.47003058103975537 0.490519877675841 0.4832823649337411 0.48858307849133537 0.48338430173292557 0.4857288481141692 0.48950050968399594 0.48491335372069316 0.4875637104994903 0.49520897043832823 0.4694189602446483 0.48124362895005096
0.46605504587155966 0.472782874617737 0.48807339449541287 0.4886850152905199 0.48063200815494395 0.48093781855249745 0.48664627930682974 0.48277268093781855 0.4980632008154944 0.4975535168195719 0.48440366972477067 0.499796126401631 0.48256880733944957 0.49408766564729867
