0.23251783893985728 0.23679918450560652 0.39785932721712536 0.39785932721712536 0.40214067278287463 0.4020387359836901 0.39847094801223243 0.4343527013251784 0.4341488277268094 0.4341488277268094 0.4967380224260958 0.4967380224260958 0.4967380224260958 0.4967380224260958
0.23231396534148827 0.2235474006116208 0.3998980632008155 0.3998980632008155 0.4041794087665647 0.40397553516819573 0.39582059123343527 0.4352701325178389 0.4349643221202854 0.4349643221202854 0.4836901121304791 0.4836901121304791 0.4836901121304791 0.4836901121304791
0.23323139653414882 0.2253822629969419 0.4013251783893986 0.4013251783893986 0.4056065239551478 0.4055045871559633 0.4013251783893986 0.4400611620795107 0.4398572884811417 0.4398572884811417 0.5055045871559632 0.5055045871559632 0.5055045871559632 0.5055045871559632
0.2326197757390418 0.22619775739041795 0.40030581039755353 0.400203873598369 0.4044852191641182 0.40438328236493376 0.4 0.4380224260958206 0.4380224260958206 0.4379204892966361 0.508053007135576 0.508053007135576 0.508053007135576 0.508053007135576
0.218144750254842 0.22456676860346586 0.38511722731906217 0.3849133537206932 0.38960244648318043 0.38776758409785933 0.3833843017329256 0.3834862385321101 0.4001019367991845 0.4001019367991845 0.4184505606523955 0.46350662589194697 0.46350662589194697 0.46350662589194697
0.23323139653414882 0.22833843017329256 0.4014271151885831 0.4014271151885831 0.40581039755351683 0.4054026503567788 0.40030581039755353 0.4386340468909276 0.4383282364933741 0.4383282364933741 0.5076452599388379 0.5076452599388379 0.5049949031600408 0.5049949031600408
0.22976554536187563 0.2234454638124363 0.3974515800203874 0.39765545361875637 0.4019367991845056 0.4013251783893986 0.3974515800203874 0.4332313965341488 0.43058103975535167 0.43058103975535167 0.4928644240570846 0.4928644240570846 0.4928644240570846 0.4928644240570846
0.23302752293577983 0.22385321100917432 0.4014271151885831 0.4013251783893986 0.4056065239551478 0.4053007135575943 0.4013251783893986 0.4392456676860347 0.4395514780835882 0.43944954128440367 0.4960244648318043 0.4960244648318043 0.4960244648318043 0.4960244648318043
0.23323139653414882 0.22089704383282366 0.40061162079510704 0.40061162079510704 0.40489296636085625 0.4047910295616718 0.400815494393476 0.400815494393476 0.43873598369011213 0.43873598369011213 0.43873598369011213 0.43873598369011213 0.4877675840978593 0.4875637104994903
0.23323139653414882 0.22477064220183487 0.4011213047910296 0.4011213047910296 0.4054026503567788 0.4053007135575943 0.4011213047910296 0.4397553516819572 0.4399592252803262 0.4397553516819572 0.4397553516819572 0.4397553516819572 0.5054026503567788 0.5053007135575943
