0.3196738022426096 0.39847094801223243 0.4297655453618756 0.48827726809378186 0.46503567787971456 0.47726809378185525 0.47889908256880737 0.47206931702344546 0.4648318042813456 0.47706422018348627 0.47726809378185525 0.48338430173292557 0.48093781855249745 0.47206931702344546
0.3687054026503568 0.3678899082568807 0.4290519877675841 0.46136595310907236 0.4957186544342508 0.4776758409785933 0.4944954128440367 0.47553516819571867 0.501223241590214 0.5042813455657492 0.5061162079510704 0.5225280326197758 0.49949031600407745 0.5034658511722732
0.3425076452599388 0.3924566768603466 0.42466870540265034 0.46085626911314986 0.49164118246687055 0.4767584097859327 0.4713557594291539 0.47003058103975537 0.5032619775739042 0.4979612640163099 0.4954128440366973 0.4982670744138634 0.49561671763506626 0.500203873598369
0.326605504587156 0.4068297655453619 0.4309887869520897 0.48338430173292557 0.48521916411824667 0.46870540265035676 0.48399592252803264 0.49561671763506626 0.48848114169215084 0.4908256880733945 0.481651376146789 0.500611620795107 0.4872579001019368 0.49561671763506626
0.34597349643221204 0.40071355759429156 0.4286442405708461 0.4831804281345566 0.4758409785932722 0.49765545361875635 0.47054026503567786 0.48797145769622835 0.48277268093781855 0.49367991845056064 0.49398572884811415 0.4828746177370031 0.4841997961264016 0.5001019367991845
0.31518858307849135 0.39337410805300715 0.4242609582059123 0.455453618756371 0.4813455657492355 0.4966360856269113 0.500407747196738 0.48817533129459734 0.5021406727828747 0.5026503567787971 0.4777777777777778 0.4874617737003058 0.49592252803261977 0.5021406727828747
0.3247706422018349 0.40397553516819573 0.42803261977573903 0.4834862385321101 0.4667686034658512 0.4649337410805301 0.4893985728848114 0.4667686034658512 0.4670744138634047 0.4651376146788991 0.4851172273190622 0.464322120285423 0.4667686034658512 0.4692150866462793
0.32130479102956166 0.36676860346585116 0.42935779816513764 0.46167176350662587 0.4874617737003058 0.47726809378185525 0.4891946992864424 0.4758409785932722 0.4670744138634047 0.47726809378185525 0.47706422018348627 0.47726809378185525 0.4942915392456677 0.500611620795107
0.3251783893985729 0.40428134556574924 0.4294597349643221 0.4765545361875637 0.4951070336391437 0.4954128440366973 0.4954128440366973 0.4963302752293578 0.4975535168195719 0.4930682976554536 0.4854230377166157 0.4792048929663609 0.4923547400611621 0.49683995922528035
0.345361875637105 0.4016309887869521 0.42477064220183486 0.45382262996941897 0.4618756371049949 0.4891946992864424 0.49072375127421 0.46717635066258917 0.5016309887869521 0.454230377166157 0.45382262996941897 0.4636085626911315 0.46452599388379207 0.4722731906218145
