0.5297655453618756 0.519571865443425 0.5259938837920489 0.5506625891946992 0.5593272171253822 0.5561671763506626 0.5800203873598369 0.5590214067278287 0.5656472986748217 0.5752293577981651 0.5658511722731906 0.573802242609582 0.5661569826707441 0.5620795107033639
0.5075433231396534 0.5170234454638124 0.5446483180428134 0.5529051987767584 0.5593272171253822 0.5673802242609582 0.5666666666666667 0.5686034658511723 0.5777777777777777 0.5714576962283384 0.5800203873598369 0.5802242609582059 0.5800203873598369 0.5741080530071355
0.5170234454638124 0.5249745158002038 0.5306829765545362 0.5564729867482161 0.5642201834862385 0.5814475025484199 0.5833843017329255 0.5780835881753313 0.5765545361875637 0.5787971457696228 0.5769622833843018 0.5743119266055046 0.5850152905198777 0.5826707441386341
0.5348623853211009 0.5326197757390418 0.5436289500509685 0.5521916411824669 0.5593272171253822 0.5776758409785933 0.5878695208970438 0.5800203873598369 0.5848114169215086 0.5874617737003058 0.5808358817533129 0.5886850152905199 0.582466870540265 0.5791029561671763
0.5165137614678899 0.5293577981651376 0.5365953109072376 0.5480122324159021 0.5394495412844037 0.5699286442405709 0.5589194699286443 0.5615698267074414 0.5658511722731906 0.5632008154943935 0.5748216106014271 0.5611620795107034 0.5376146788990825 0.5659531090723752
0.5205912334352701 0.5133537206931702 0.5310907237512742 0.5430173292558613 0.5568807339449541 0.5571865443425077 0.5558613659531091 0.563914373088685 0.5623853211009174 0.555045871559633 0.5681957186544343 0.5707441386340469 0.5827726809378185 0.5809378185524975
0.5254841997961264 0.5205912334352701 0.5303771661569827 0.5402650356778798 0.5562691131498471 0.5702344546381244 0.5726809378185524 0.5692150866462793 0.5698267074413863 0.5729867482161061 0.5735983690112131 0.5750254841997962 0.5671763506625892 0.5698267074413863
0.5224260958205912 0.5219164118246687 0.537920489296636 0.5356778797145769 0.5527013251783894 0.5625891946992865 0.5649337410805301 0.5722731906218145 0.5592252803261978 0.5667686034658511 0.5644240570846075 0.563914373088685 0.562283384301733 0.55565749235474
0.528236493374108 0.5198776758409785 0.5292558613659532 0.5339449541284403 0.5442405708460755 0.5484199796126402 0.5645259938837921 0.5661569826707441 0.5669724770642202 0.5698267074413863 0.573802242609582 0.5603465851172273 0.5695208970438328 0.5780835881753313
0.5277268093781855 0.5265035677879715 0.5416921508664628 0.5468909276248726 0.573190621814475 0.5710499490316004 0.5724770642201835 0.5658511722731906 0.5745158002038736 0.5771661569826707 0.5781855249745158 0.5853211009174312 0.5838939857288481 0.5804281345565749
