0.4962283384301733 0.5023445463812436 0.5109072375127421 0.5093781855249745 0.5097859327217126 0.5089704383282365 0.5138634046890928 0.5135575942915392 0.5165137614678899 0.518144750254842 0.5213047910295616 0.5217125382262997 0.528236493374108 0.5337410805300714
0.5068297655453619 0.5075433231396534 0.5165137614678899 0.5151885830784914 0.5138634046890928 0.5180428134556575 0.5201834862385321 0.5205912334352701 0.5208970438328236 0.5243628950050968 0.525586136595311 0.5269113149847094 0.5313965341488277 0.5342507645259938
0.5074413863404689 0.5155963302752293 0.5117227319062182 0.5217125382262997 0.5249745158002038 0.5233435270132518 0.526197757390418 0.5233435270132518 0.5238532110091743 0.528032619775739 0.5343527013251784 0.5365953109072376 0.5384301732925586 0.54638124362895
0.5180428134556575 0.5191641182466871 0.5200815494393476 0.5219164118246687 0.5206931702344546 0.5230377166156983 0.5230377166156983 0.5236493374108053 0.5297655453618756 0.5260958205912334 0.5278287461773701 0.5308868501529052 0.5367991845056065 0.5385321100917431
0.510295616717635 0.5148827726809379 0.51855249745158 0.5197757390417941 0.5201834862385321 0.5253822629969419 0.5229357798165137 0.5235474006116208 0.5237512742099898 0.5295616717635067 0.527217125382263 0.5305810397553516 0.5381243628950051 0.5394495412844037
0.5007135575942916 0.5045871559633027 0.5007135575942916 0.5139653414882772 0.5136595310907237 0.5146788990825688 0.5164118246687054 0.5153924566768604 0.5151885830784914 0.517737003058104 0.518960244648318 0.5201834862385321 0.5254841997961264 0.5253822629969419
0.49887869520897044 0.499796126401631 0.5016309887869521 0.5037716615698267 0.5101936799184505 0.507849133537207 0.5066258919469928 0.5131498470948013 0.5145769622833843 0.5161060142711519 0.517125382262997 0.5184505606523955 0.5271151885830785 0.5316004077471967
0.48664627930682974 0.49072375127421 0.49582059123343525 0.500407747196738 0.5056065239551478 0.5050968399592253 0.5132517838939857 0.5093781855249745 0.5159021406727828 0.5184505606523955 0.5217125382262997 0.5254841997961264 0.5328236493374108 0.5339449541284403
0.5249745158002038 0.5219164118246687 0.5283384301732925 0.5250764525993884 0.5275229357798165 0.5269113149847094 0.5327217125382263 0.5365953109072376 0.5325178389398573 0.537920489296636 0.5380224260958206 0.5383282364933741 0.5417940876656473 0.5450560652395515
0.5201834862385321 0.5285423037716616 0.5320081549439347 0.5342507645259938 0.5311926605504587 0.5340468909276249 0.535270132517839 0.5411824668705403 0.5355759429153925 0.5405708460754333 0.5396534148827726 0.5422018348623853 0.5489296636085627 0.5504587155963303
