0.47023445463812436 0.4804281345565749 0.4740061162079511 0.4493374108053007 0.44067278287461775 0.4438328236493374 0.4199796126401631 0.44097859327217126 0.4343527013251784 0.42477064220183486 0.4341488277268094 0.42619775739041793 0.43384301732925584 0.4379204892966361
0.4924566768603466 0.48297655453618754 0.45535168195718656 0.4470948012232416 0.44067278287461775 0.4326197757390418 0.43333333333333335 0.4313965341488277 0.4222222222222222 0.4285423037716616 0.4199796126401631 0.4197757390417941 0.4199796126401631 0.4258919469928644
0.48297655453618754 0.4750254841997961 0.46931702344546383 0.4435270132517839 0.43577981651376146 0.41855249745158 0.4166156982670744 0.4219164118246687 0.4234454638124363 0.4212028542303772 0.4230377166156983 0.42568807339449544 0.41498470948012234 0.41732925586136593
0.4651376146788991 0.4673802242609582 0.4563710499490316 0.4478083588175331 0.44067278287461775 0.42232415902140674 0.4121304791029562 0.4199796126401631 0.4151885830784913 0.41253822629969417 0.41916411824668703 0.41131498470948014 0.417533129459735 0.42089704383282367
0.4834862385321101 0.4706422018348624 0.4634046890927625 0.45198776758409787 0.46055045871559636 0.4300713557594292 0.4410805300713558 0.4384301732925586 0.4341488277268094 0.4367991845056065 0.4251783893985729 0.43883792048929665 0.46238532110091746 0.4340468909276249
0.47940876656472986 0.48664627930682974 0.4689092762487258 0.4569826707441386 0.44311926605504587 0.44281345565749236 0.4441386340468909 0.43608562691131497 0.43761467889908257 0.44495412844036697 0.43180428134556575 0.4292558613659531 0.41722731906218147 0.41906218144750257
0.4745158002038736 0.47940876656472986 0.46962283384301734 0.4597349643221203 0.4437308868501529 0.4297655453618756 0.4273190621814475 0.4307849133537207 0.43017329255861364 0.427013251783894 0.426401630988787 0.4249745158002039 0.4328236493374108 0.43017329255861364
0.47757390417940876 0.4780835881753313 0.4620795107033639 0.464322120285423 0.4472986748216106 0.4374108053007136 0.43506625891946993 0.4277268093781855 0.4407747196738022 0.4332313965341488 0.4355759429153925 0.43608562691131497 0.4377166156982671 0.44434250764525995
0.47176350662589195 0.4801223241590214 0.4707441386340469 0.46605504587155966 0.4557594291539246 0.45158002038735984 0.43547400611620796 0.43384301732925584 0.43302752293577984 0.43017329255861364 0.42619775739041793 0.4396534148827727 0.4304791029561672 0.4219164118246687
0.4722731906218145 0.47349643221202853 0.4583078491335372 0.45310907237512743 0.426809378185525 0.4289500509683996 0.42752293577981654 0.4341488277268094 0.4254841997961264 0.42283384301732924 0.4218144750254842 0.41467889908256883 0.4161060142711519 0.41957186544342506
