0.5037716615698267 0.49765545361875635 0.4890927624872579 0.4906218144750255 0.4902140672782875 0.4910295616717635 0.48613659531090725 0.48644240570846076 0.4834862385321101 0.481855249745158 0.4786952089704383 0.4782874617737003 0.47176350662589195 0.46625891946992865
0.49317023445463815 0.4924566768603466 0.4834862385321101 0.48481141692150864 0.48613659531090725 0.4819571865443425 0.4798165137614679 0.47940876656472986 0.47910295616717635 0.47563710499490314 0.4744138634046891 0.4730886850152905 0.4686034658511723 0.4657492354740061
0.4925586136595311 0.48440366972477067 0.48827726809378186 0.4782874617737003 0.4750254841997961 0.47665647298674824 0.47380224260958204 0.47665647298674824 0.4761467889908257 0.47196738022426094 0.46564729867482163 0.4634046890927625 0.4615698267074414 0.4536187563710499
0.4819571865443425 0.48083588175331293 0.4799184505606524 0.4780835881753313 0.47930682976554534 0.47696228338430174 0.47696228338430174 0.4763506625891947 0.47023445463812436 0.47390417940876656 0.47217125382263 0.4691131498470948 0.46320081549439346 0.4614678899082569
0.48970438328236493 0.4851172273190622 0.48144750254842 0.4802242609582059 0.4798165137614679 0.4746177370030581 0.47706422018348627 0.4764525993883792 0.4762487257900102 0.4704383282364934 0.472782874617737 0.4694189602446483 0.4618756371049949 0.46055045871559636
0.49928644240570846 0.4954128440366973 0.49928644240570846 0.48603465851172273 0.48634046890927624 0.4853211009174312 0.4835881753312946 0.48460754332313966 0.48481141692150864 0.482262996941896 0.481039755351682 0.4798165137614679 0.4745158002038736 0.4746177370030581
0.5011213047910296 0.500203873598369 0.4983690112130479 0.4962283384301733 0.48980632008154945 0.49215086646279305 0.49337410805300713 0.4868501529051988 0.4854230377166157 0.4838939857288481 0.4828746177370031 0.48154943934760447 0.4728848114169215 0.46839959225280325
0.5133537206931702 0.50927624872579 0.5041794087665648 0.49959225280326197 0.4943934760448522 0.4949031600407747 0.48674821610601426 0.4906218144750255 0.4840978593272171 0.48154943934760447 0.4782874617737003 0.4745158002038736 0.46717635066258917 0.46605504587155966
0.4750254841997961 0.4780835881753313 0.4716615698267074 0.4749235474006116 0.4724770642201835 0.4730886850152905 0.4672782874617737 0.4634046890927625 0.46748216106014273 0.4620795107033639 0.46197757390417943 0.46167176350662587 0.4582059123343527 0.45494393476044853
0.4798165137614679 0.47145769622833844 0.4679918450560652 0.4657492354740061 0.4688073394495413 0.46595310907237514 0.46472986748216105 0.4588175331294597 0.46442405708460754 0.4594291539245668 0.4603465851172273 0.4577981651376147 0.4510703363914373 0.44954128440366975
