0.7674821610601427 0.7632008154943934 0.6021406727828746 0.6021406727828746 0.5978593272171254 0.5979612640163099 0.6015290519877676 0.5656472986748217 0.5658511722731906 0.5658511722731906 0.5032619775739042 0.5032619775739042 0.5032619775739042 0.5032619775739042
0.7676860346585117 0.7764525993883792 0.6001019367991846 0.6001019367991846 0.5958205912334352 0.5960244648318043 0.6041794087665647 0.564729867482161 0.5650356778797145 0.5650356778797145 0.5163098878695209 0.5163098878695209 0.5163098878695209 0.5163098878695209
0.7667686034658512 0.7746177370030581 0.5986748216106015 0.5986748216106015 0.5943934760448522 0.5944954128440367 0.5986748216106015 0.5599388379204893 0.5601427115188583 0.5601427115188583 0.4944954128440367 0.4944954128440367 0.4944954128440367 0.4944954128440367
0.7673802242609582 0.7738022426095821 0.5996941896024465 0.5997961264016309 0.5955147808358817 0.5956167176350663 0.6 0.5619775739041795 0.5619775739041795 0.5620795107033639 0.49194699286442406 0.49194699286442406 0.49194699286442406 0.49194699286442406
0.781855249745158 0.7754332313965342 0.6148827726809378 0.6150866462793069 0.6103975535168196 0.6122324159021407 0.6166156982670744 0.6165137614678899 0.5998980632008155 0.5998980632008155 0.5815494393476045 0.536493374108053 0.536493374108053 0.536493374108053
0.7667686034658512 0.7716615698267074 0.5985728848114169 0.5985728848114169 0.5941896024464832 0.5945973496432212 0.5996941896024465 0.5613659531090723 0.5616717635066258 0.5616717635066258 0.4923547400611621 0.4923547400611621 0.49500509683995925 0.49500509683995925
0.7702344546381243 0.7765545361875638 0.6025484199796126 0.6023445463812437 0.5980632008154944 0.5986748216106015 0.6025484199796126 0.5667686034658511 0.5694189602446483 0.5694189602446483 0.5071355759429154 0.5071355759429154 0.5071355759429154 0.5071355759429154
0.7669724770642202 0.7761467889908257 0.5985728848114169 0.5986748216106015 0.5943934760448522 0.5946992864424057 0.5986748216106015 0.5607543323139653 0.5604485219164118 0.5605504587155963 0.5039755351681957 0.5039755351681957 0.5039755351681957 0.5039755351681957
0.7667686034658512 0.7791029561671764 0.599388379204893 0.599388379204893 0.5951070336391437 0.5952089704383282 0.5991845056065239 0.5991845056065239 0.5612640163098879 0.5612640163098879 0.5612640163098879 0.5612640163098879 0.5122324159021406 0.5124362895005097
0.7667686034658512 0.7752293577981652 0.5988786952089704 0.5988786952089704 0.5945973496432212 0.5946992864424057 0.5988786952089704 0.5602446483180428 0.5600407747196738 0.5602446483180428 0.5602446483180428 0.5602446483180428 0.4945973496432212 0.4946992864424057
