0.5403669724770642 0.5322120285423038 0.5222222222222223 0.527013251783894 0.5349643221202854 0.5390417940876656 0.5330275229357798 0.5348623853211009 0.5273190621814475 0.544546381243629 0.5324159021406728 0.5390417940876656 0.5424057084607543 0.5348623853211009
0.5281345565749236 0.5182466870540265 0.5162079510703363 0.5154943934760449 0.5130479102956167 0.5150866462793068 0.5059123343527013 0.5097859327217126 0.5141692150866463 0.5126401630988787 0.5025484199796126 0.5056065239551478 0.5085626911314984 0.5114169215086646
0.5258919469928645 0.5300713557594292 0.525586136595311 0.5184505606523955 0.5174311926605505 0.5127420998980632 0.5081549439347605 0.5165137614678899 0.5146788990825688 0.5166156982670744 0.5192660550458715 0.509887869520897 0.5085626911314984 0.5024464831804282
0.5389398572884812 0.5153924566768604 0.5130479102956167 0.518960244648318 0.5152905198776758 0.518960244648318 0.5132517838939857 0.5164118246687054 0.5087665647298675 0.5069317023445464 0.5101936799184505 0.5058103975535169 0.5040774719673802 0.5128440366972477
0.5464831804281346 0.543934760448522 0.5533129459734965 0.5443425076452599 0.5393476044852191 0.5629969418960244 0.5491335372069317 0.5467889908256881 0.5452599388379205 0.5383282364933741 0.5256880733944954 0.5226299694189602 0.5302752293577981 0.5230377166156983
0.5391437308868502 0.5385321100917431 0.528236493374108 0.5119266055045871 0.5085626911314984 0.508053007135576 0.5167176350662589 0.5107033639143731 0.5112130479102956 0.5064220183486239 0.5120285423037717 0.5110091743119266 0.5126401630988787 0.5038735983690112
0.5523955147808359 0.5383282364933741 0.5338430173292559 0.5294597349643221 0.5271151885830785 0.5279306829765545 0.518144750254842 0.5216106014271152 0.527013251783894 0.527013251783894 0.5299694189602446 0.5231396534148828 0.5248725790010194 0.5247706422018349
0.5243628950050968 0.5240570846075433 0.5051987767584097 0.5048929663608562 0.5076452599388379 0.5053007135575943 0.5062181447502548 0.5062181447502548 0.509887869520897 0.5124362895005097 0.5056065239551478 0.5034658511722732 0.5054026503567788 0.509887869520897
0.5351681957186545 0.517125382262997 0.5299694189602446 0.5094801223241591 0.5167176350662589 0.5114169215086646 0.5166156982670744 0.5142711518858308 0.5104994903160041 0.5150866462793068 0.5124362895005097 0.5047910295616718 0.5305810397553516 0.518756371049949
0.5339449541284403 0.527217125382263 0.5119266055045871 0.5113149847094801 0.5193679918450561 0.5190621814475026 0.5133537206931702 0.5172273190621814 0.5019367991845056 0.5024464831804282 0.5155963302752293 0.500203873598369 0.5174311926605505 0.5059123343527013
