0.6803261977573904 0.6015290519877676 0.5702344546381244 0.5117227319062182 0.5349643221202854 0.5227319062181448 0.5211009174311927 0.5279306829765545 0.5351681957186545 0.5229357798165137 0.5227319062181448 0.5166156982670744 0.5190621814475026 0.5279306829765545
0.6312945973496432 0.6321100917431193 0.5709480122324159 0.5386340468909276 0.5042813455657492 0.5223241590214067 0.5055045871559632 0.5244648318042814 0.4987767584097859 0.4957186544342508 0.4938837920489297 0.47747196738022424 0.5005096839959225 0.4965341488277268
0.6574923547400612 0.6075433231396534 0.5753312945973497 0.5391437308868502 0.5083588175331295 0.5232415902140672 0.528644240570846 0.5299694189602446 0.4967380224260958 0.5020387359836901 0.5045871559633027 0.5017329255861366 0.5043832823649338 0.499796126401631
0.673394495412844 0.5931702344546381 0.5690112130479102 0.5166156982670744 0.5147808358817533 0.5312945973496432 0.5160040774719674 0.5043832823649338 0.5115188583078492 0.5091743119266054 0.518348623853211 0.499388379204893 0.5127420998980632 0.5043832823649338
0.654026503567788 0.5992864424057085 0.571355759429154 0.5168195718654435 0.5241590214067279 0.5023445463812436 0.5294597349643221 0.5120285423037717 0.5172273190621814 0.5063200815494393 0.5060142711518858 0.517125382262997 0.5158002038735984 0.4998980632008155
0.6848114169215087 0.6066258919469929 0.5757390417940876 0.544546381243629 0.5186544342507645 0.5033639143730887 0.49959225280326197 0.5118246687054027 0.4978593272171254 0.49734964322120284 0.5222222222222223 0.5125382262996941 0.5040774719673802 0.4978593272171254
0.6752293577981652 0.5960244648318043 0.571967380224261 0.5165137614678899 0.5332313965341489 0.5350662589194699 0.5106014271151886 0.5332313965341489 0.5329255861365954 0.5348623853211009 0.5148827726809379 0.5356778797145769 0.5332313965341489 0.5307849133537207
0.6786952089704383 0.6332313965341488 0.5706422018348624 0.5383282364933741 0.5125382262996941 0.5227319062181448 0.5108053007135576 0.5241590214067279 0.5329255861365954 0.5227319062181448 0.5229357798165137 0.5227319062181448 0.5057084607543323 0.499388379204893
0.6748216106014271 0.5957186544342508 0.5705402650356779 0.5234454638124363 0.5048929663608562 0.5045871559633027 0.5045871559633027 0.5036697247706422 0.5024464831804282 0.5069317023445464 0.5145769622833843 0.5207951070336392 0.5076452599388379 0.5031600407747197
0.654638124362895 0.5983690112130479 0.5752293577981651 0.5461773700305811 0.5381243628950051 0.5108053007135576 0.50927624872579 0.5328236493374108 0.4983690112130479 0.545769622833843 0.5461773700305811 0.5363914373088685 0.535474006116208 0.5277268093781855
