0.800407747196738 0.8164118246687054 0.8184505606523955 0.8221202854230377 0.827013251783894 0.8281345565749235 0.835270132517839 0.836901121304791 0.8391437308868501 0.8409785932721713 0.8444444444444444 0.8460754332313966 0.846177370030581 0.8462793068297656
0.801019367991845 0.8069317023445464 0.8106014271151886 0.816921508664628 0.8186544342507646 0.827420998980632 0.8313965341488277 0.8357798165137614 0.8384301732925586 0.8395514780835882 0.8420998980632008 0.8428134556574923 0.8433231396534149 0.8434250764525993
0.8040774719673802 0.808460754332314 0.8112130479102956 0.8221202854230377 0.8322120285423038 0.8363914373088684 0.8413863404689093 0.8431192660550458 0.844954128440367 0.8465851172273191 0.846788990825688 0.8468909276248726 0.8471967380224261 0.8472986748216106
0.7918450560652396 0.7976554536187563 0.8025484199796127 0.8086646279306829 0.8192660550458716 0.8309887869520897 0.8341488277268094 0.8382262996941896 0.8397553516819571 0.8406727828746178 0.8430173292558614 0.8439347604485219 0.8441386340468909 0.8441386340468909
0.8118246687054026 0.8127420998980632 0.8217125382262997 0.8250764525993883 0.8310907237512742 0.835270132517839 0.837512742099898 0.8389398572884812 0.8405708460754332 0.8413863404689093 0.8452599388379205 0.8458715596330275 0.845973496432212 0.845973496432212
0.8089704383282365 0.8177370030581039 0.8219164118246687 0.8219164118246687 0.8283384301732926 0.8351681957186544 0.8373088685015291 0.8400611620795106 0.8425076452599388 0.8435270132517839 0.8445463812436289 0.845361875637105 0.8460754332313966 0.8462793068297656
0.8131498470948012 0.8146788990825689 0.8171253822629969 0.8250764525993883 0.8271151885830785 0.8331294597349643 0.8378185524974516 0.8396534148827727 0.8429153924566769 0.8441386340468909 0.845565749235474 0.845565749235474 0.845565749235474 0.8456676860346585
0.791946992864424 0.7967380224260958 0.8045871559633028 0.8112130479102956 0.8242609582059124 0.8242609582059124 0.8311926605504587 0.8349643221202854 0.8372069317023445 0.8392456676860347 0.845565749235474 0.8460754332313966 0.846177370030581 0.8462793068297656
0.8015290519877676 0.8050968399592253 0.8112130479102956 0.818348623853211 0.8250764525993883 0.8294597349643221 0.8336391437308869 0.8355759429153925 0.837716615698267 0.8390417940876657 0.8417940876656473 0.8442405708460754 0.8446483180428135 0.844750254841998
0.7924566768603466 0.7967380224260958 0.8067278287461773 0.8131498470948012 0.8207951070336391 0.8230377166156982 0.8328236493374108 0.8374108053007135 0.8367991845056065 0.8419979612640163 0.8436289500509684 0.8448521916411824 0.8448521916411824 0.844954128440367
