0.19959225280326198
0.1835881753312946
0.18154943934760448
0.17787971457696228
0.17298674821610602
0.17186544342507645
0.16472986748216106
0.16309887869520898
0.16085626911314985
0.15902140672782875
0.15555555555555556
0.15392456676860347
0.15382262996941895
0.153720693170234460.19898063200815494
0.1930682976554536
0.1893985728848114
0.18307849133537207
0.18134556574923547
0.172579001019368
0.16860346585117228
0.16422018348623854
0.16156982670744138
0.16044852191641182
0.15790010193679918
0.15718654434250764
0.15667686034658512
0.15657492354740060.19592252803261978
0.19153924566768604
0.1887869520897044
0.17787971457696228
0.16778797145769622
0.1636085626911315
0.15861365953109072
0.15688073394495414
0.15504587155963304
0.15341488277268095
0.15321100917431194
0.15310907237512741
0.1528032619775739
0.152701325178389390.20815494393476044
0.20234454638124363
0.19745158002038735
0.19133537206931703
0.18073394495412845
0.1690112130479103
0.16585117227319063
0.1617737003058104
0.1602446483180428
0.15932721712538225
0.15698267074413863
0.15606523955147808
0.15586136595310907
0.155861365953109070.18817533129459735
0.1872579001019368
0.1782874617737003
0.1749235474006116
0.1689092762487258
0.16472986748216106
0.16248725790010193
0.16106014271151886
0.15942915392456677
0.15861365953109072
0.1547400611620795
0.15412844036697249
0.15402650356778796
0.154026503567787960.19102956167176352
0.18226299694189602
0.1780835881753313
0.1780835881753313
0.17166156982670744
0.16483180428134556
0.16269113149847095
0.1599388379204893
0.15749235474006115
0.1564729867482161
0.15545361875637104
0.154638124362895
0.15392456676860347
0.153720693170234460.18685015290519877
0.1853211009174312
0.18287461773700306
0.1749235474006116
0.1728848114169215
0.16687054026503567
0.16218144750254843
0.16034658511722732
0.15708460754332315
0.15586136595310907
0.154434250764526
0.154434250764526
0.154434250764526
0.15433231396534150.20805300713557595
0.20326197757390418
0.19541284403669726
0.1887869520897044
0.17573904179408767
0.17573904179408767
0.1688073394495413
0.16503567787971457
0.16279306829765544
0.16075433231396535
0.154434250764526
0.15392456676860347
0.15382262996941895
0.153720693170234460.19847094801223242
0.1949031600407747
0.1887869520897044
0.181651376146789
0.1749235474006116
0.17054026503567787
0.16636085626911315
0.16442405708460756
0.16228338430173292
0.16095820591233434
0.1582059123343527
0.15575942915392457
0.15535168195718654
0.155249745158002050.2075433231396534
0.20326197757390418
0.19327217125382262
0.18685015290519877
0.17920489296636086
0.17696228338430173
0.1671763506625892
0.16258919469928645
0.16320081549439347
0.1580020387359837
0.1563710499490316
0.15514780835881753
0.15514780835881753
0.15504587155963304