0.46136595310907236 0.4891946992864424 0.48613659531090725 0.49225280326197757 0.4951070336391437 0.4930682976554536 0.4951070336391437 0.4951070336391437 0.49337410805300713 0.49531090723751275 0.4983690112130479 0.4932721712538226 0.4872579001019368 0.4847094801223242
0.47604485219164117 0.4669724770642202 0.4667686034658512 0.49408766564729867 0.49582059123343525 0.4929663608562691 0.4966360856269113 0.4951070336391437 0.4963302752293578 0.5062181447502548 0.49194699286442406 0.4975535168195719 0.5017329255861366 0.4972477064220184
0.46167176350662587 0.48674821610601426 0.48481141692150864 0.48623853211009177 0.48766564729867484 0.4868501529051988 0.4834862385321101 0.4902140672782875 0.4868501529051988 0.49398572884811415 0.49164118246687055 0.48990825688073397 0.4840978593272171 0.4776758409785933
0.4703363914373089 0.4528032619775739 0.4614678899082569 0.454638124362895 0.4673802242609582 0.48114169215086644 0.48093781855249745 0.4896024464831804 0.45861365953109073 0.46839959225280325 0.4896024464831804 0.48114169215086644 0.47971457696228337 0.47349643221202853
0.48338430173292557 0.4910295616717635 0.4910295616717635 0.4927624872579001 0.4944954128440367 0.4906218144750255 0.48848114169215084 0.4984709480122324 0.49551478083588174 0.49775739041794087 0.48644240570846076 0.4891946992864424 0.49551478083588174 0.49408766564729867
0.4744138634046891 0.490927624872579 0.500203873598369 0.49500509683995925 0.4927624872579001 0.4926605504587156 0.4972477064220184 0.49765545361875635 0.49887869520897044 0.4984709480122324 0.4943934760448522 0.499388379204893 0.4890927624872579 0.49561671763506626
0.46075433231396534 0.48063200815494395 0.4799184505606524 0.48460754332313966 0.4874617737003058 0.4782874617737003 0.4942915392456677 0.48093781855249745 0.4817533129459735 0.4923547400611621 0.4930682976554536 0.49347604485219165 0.48634046890927624 0.4941896024464832
0.45749235474006117 0.46442405708460754 0.45871559633027525 0.4606523955147808 0.4648318042813456 0.47155963302752296 0.47155963302752296 0.4762487257900102 0.46381243628950053 0.4612640163098879 0.46462793068297653 0.46503567787971456 0.4654434250764526 0.48297655453618754
0.46564729867482163 0.46819571865443427 0.47054026503567786 0.4853211009174312 0.4874617737003058 0.490927624872579 0.48216106014271154 0.4890927624872579 0.48858307849133537 0.4943934760448522 0.4924566768603466 0.4932721712538226 0.4938837920489297 0.4871559633027523
0.4582059123343527 0.46534148827726807 0.47706422018348627 0.4951070336391437 0.47706422018348627 0.4730886850152905 0.49592252803261977 0.4975535168195719 0.48990825688073397 0.47900101936799183 0.48277268093781855 0.48848114169215084 0.48093781855249745 0.49184505606523954
