0.23353720693170235 0.2290519877675841 0.4018348623853211 0.4018348623853211 0.40611620795107034 0.4059123343527013 0.40152905198776756 0.4404689092762487 0.44036697247706424 0.44036697247706424 0.4914373088685015 0.4914373088685015 0.4914373088685015 0.4914373088685015
0.23302752293577983 0.22640163098878696 0.4011213047910296 0.4011213047910296 0.4054026503567788 0.4053007135575943 0.40101936799184507 0.4398572884811417 0.4397553516819572 0.4397553516819572 0.4802242609582059 0.4802242609582059 0.4802242609582059 0.4802242609582059
0.23323139653414882 0.23924566768603467 0.400407747196738 0.400407747196738 0.40468909276248727 0.40458715596330275 0.400815494393476 0.43873598369011213 0.43853211009174314 0.43853211009174314 0.5093781855249745 0.5093781855249745 0.5093781855249745 0.5093781855249745
0.2327217125382263 0.23863404689092763 0.400815494393476 0.40061162079510704 0.4049949031600408 0.4044852191641182 0.4001019367991845 0.436493374108053 0.43669724770642204 0.43700305810397555 0.43700305810397555 0.43700305810397555 0.4932721712538226 0.4367991845056065
0.2324159021406728 0.22069317023445464 0.400407747196738 0.400203873598369 0.4044852191641182 0.40428134556574924 0.3986748216106014 0.43669724770642204 0.436493374108053 0.436493374108053 0.5032619775739042 0.5032619775739042 0.5032619775739042 0.5032619775739042
0.23302752293577983 0.2258919469928644 0.400815494393476 0.40061162079510704 0.4050968399592253 0.4047910295616718 0.4005096839959225 0.4384301732925586 0.4383282364933741 0.4381243628950051 0.4908256880733945 0.4908256880733945 0.4908256880733945 0.4908256880733945
0.2255861365953109 0.21284403669724772 0.3928644240570846 0.3928644240570846 0.39734964322120286 0.3966360856269113 0.3922528032619776 0.427217125382263 0.4273190621814475 0.4273190621814475 0.427217125382263 0.46788990825688076 0.47003058103975537 0.47003058103975537
0.2252803261977574 0.23690112130479102 0.3926605504587156 0.3926605504587156 0.39724770642201834 0.3965341488277268 0.3922528032619776 0.4273190621814475 0.4273190621814475 0.4273190621814475 0.48277268093781855 0.48277268093781855 0.48277268093781855 0.48277268093781855
0.23323139653414882 0.2289500509683996 0.40122324159021405 0.4014271151885831 0.40581039755351683 0.4055045871559633 0.4014271151885831 0.43904179408766564 0.43914373088685016 0.4386340468909276 0.4386340468909276 0.4386340468909276 0.5062181447502548 0.5058103975535169
0.23323139653414882 0.2200815494393476 0.40122324159021405 0.40122324159021405 0.4056065239551478 0.40519877675840976 0.40091743119266054 0.43853211009174314 0.4382262996941896 0.4382262996941896 0.5024464831804282 0.5024464831804282 0.5024464831804282 0.5024464831804282
