0.5053007135575943 0.5057084607543323 0.5124362895005097 0.5192660550458715 0.5478083588175331 0.553822629969419 0.5655453618756371 0.5512742099898064 0.5589194699286443 0.5565749235474006 0.5569826707441387 0.5565749235474006 0.545565749235474 0.5572884811416922
0.5230377166156983 0.5214067278287462 0.5332313965341489 0.5342507645259938 0.5592252803261978 0.5683995922528032 0.5739041794087666 0.5748216106014271 0.5654434250764526 0.57217125382263 0.5754332313965341 0.573394495412844 0.5765545361875637 0.5829765545361876
0.5123343527013252 0.5211009174311927 0.5321100917431193 0.537920489296636 0.5605504587155963 0.5695208970438328 0.564729867482161 0.5583078491335373 0.5625891946992865 0.5582059123343527 0.5613659531090723 0.5569826707441387 0.5601427115188583 0.5615698267074414
0.5082568807339449 0.5213047910295616 0.5265035677879715 0.51855249745158 0.5478083588175331 0.5521916411824669 0.5657492354740061 0.5606523955147809 0.5527013251783894 0.5520897043832824 0.5582059123343527 0.536697247706422 0.5484199796126402 0.5537206931702344
0.5116207951070336 0.5132517838939857 0.5153924566768604 0.5399592252803262 0.5170234454638124 0.5495412844036697 0.5410805300713558 0.5297655453618756 0.5260958205912334 0.5508664627930683 0.5448521916411825 0.5384301732925586 0.526401630988787 0.544546381243629
0.5060142711518858 0.5173292558613659 0.5133537206931702 0.5394495412844037 0.5431192660550459 0.5667686034658511 0.5759429153924567 0.5597349643221203 0.5701325178389398 0.5665647298674822 0.5650356778797145 0.5690112130479102 0.5730886850152905 0.5702344546381244
0.5246687054026503 0.5222222222222223 0.5324159021406728 0.5441386340468909 0.5575942915392457 0.5666666666666667 0.5660550458715596 0.5645259938837921 0.5649337410805301 0.563506625891947 0.563914373088685 0.5678899082568807 0.571355759429154 0.5709480122324159
0.5117227319062182 0.5180428134556575 0.5377166156982671 0.5305810397553516 0.554230377166157 0.5630988786952089 0.5552497451580021 0.5574923547400612 0.5614678899082569 0.562283384301733 0.5514780835881753 0.5503567787971457 0.5646279306829766 0.555453618756371
0.5240570846075433 0.5158002038735984 0.526809378185525 0.5438328236493374 0.5573904179408766 0.5682976554536188 0.5760448521916411 0.5724770642201835 0.5695208970438328 0.5715596330275229 0.5705402650356779 0.5751274209989806 0.5756371049949032 0.5795107033639144
0.4998980632008155 0.5087665647298675 0.5167176350662589 0.5307849133537207 0.5572884811416922 0.5693170234454639 0.5700305810397553 0.5644240570846075 0.5715596330275229 0.5765545361875637 0.5661569826707441 0.5737003058103975 0.5729867482161061 0.5620795107033639
