0.3677879714576962 0.40285423037716617 0.42986748216106013 0.46788990825688076 0.48766564729867484 0.4831804281345566 0.47298674821610603 0.4695208970438328 0.4691131498470948 0.49367991845056064 0.4694189602446483 0.4652395514780836 0.47849133537206934 0.4695208970438328
0.3241590214067278 0.4034658511722732 0.4297655453618756 0.47084607543323137 0.47380224260958204 0.4960244648318043 0.4941896024464832 0.49317023445463815 0.4932721712538226 0.4949031600407747 0.49225280326197757 0.4985728848114169 0.499388379204893 0.4932721712538226
0.3164118246687054 0.39520897043832826 0.4249745158002039 0.48450560652395513 0.4943934760448522 0.4851172273190622 0.48124362895005096 0.4998980632008155 0.4924566768603466 0.499388379204893 0.49949031600407745 0.5022426095820591 0.5142711518858308 0.48491335372069316
0.3250764525993884 0.4053007135575943 0.4325178389398573 0.4819571865443425 0.47787971457696227 0.47879714576962285 0.4786952089704383 0.47706422018348627 0.47940876656472986 0.4746177370030581 0.5051987767584097 0.5051987767584097 0.4854230377166157 0.4984709480122324
0.3503567787971458 0.4026503567787971 0.4383282364933741 0.4768603465851172 0.4840978593272171 0.48613659531090725 0.4923547400611621 0.49194699286442406 0.49225280326197757 0.4924566768603466 0.482059123343527 0.4559633027522936 0.45494393476044853 0.45504587155963305
0.3237512742099898 0.40061162079510704 0.42752293577981654 0.463914373088685 0.4964322120285423 0.47390417940876656 0.4914373088685015 0.4670744138634047 0.4917431192660551 0.4875637104994903 0.4716615698267074 0.4927624872579001 0.48848114169215084 0.490519877675841
0.3200815494393476 0.3977573904179409 0.4257900101936799 0.48307849133537206 0.47155963302752296 0.47176350662589195 0.4691131498470948 0.4943934760448522 0.4924566768603466 0.4800203873598369 0.4802242609582059 0.49317023445463815 0.4703363914373089 0.4800203873598369
0.3214067278287462 0.40101936799184507 0.42996941896024465 0.48603465851172273 0.49704383282364933 0.4954128440366973 0.4981651376146789 0.49031600407747195 0.48807339449541287 0.4985728848114169 0.501223241590214 0.4871559633027523 0.5026503567787971 0.5070336391437309
0.36432212028542305 0.36401630988786954 0.4249745158002039 0.4657492354740061 0.4984709480122324 0.4984709480122324 0.4981651376146789 0.48664627930682974 0.49683995922528035 0.48623853211009177 0.4965341488277268 0.4813455657492355 0.49561671763506626 0.4975535168195719
0.3651376146788991 0.3994903160040775 0.42803261977573903 0.48450560652395513 0.4853211009174312 0.4685015290519878 0.4698267074413863 0.4873598369011213 0.47023445463812436 0.48256880733944957 0.49765545361875635 0.48154943934760447 0.48603465851172273 0.4967380224260958
