0.4949031600407747 0.49887869520897044 0.5019367991845056 0.5065239551478083 0.5071355759429154 0.5054026503567788 0.5129459734964322 0.5120285423037717 0.5134556574923548 0.5134556574923548 0.5158002038735984 0.5156982670744139 0.5221202854230377 0.528236493374108
0.5127420998980632 0.5134556574923548 0.5077471967380224 0.5188583078491336 0.5236493374108053 0.528644240570846 0.5307849133537207 0.5288481141692151 0.5306829765545362 0.5370030581039755 0.537308868501529 0.5387359836901121 0.5467889908256881 0.5494393476044852
0.5077471967380224 0.50927624872579 0.5137614678899083 0.5160040774719674 0.5154943934760449 0.5229357798165137 0.5184505606523955 0.5233435270132518 0.5269113149847094 0.527624872579001 0.5299694189602446 0.5323139653414882 0.536493374108053 0.5388379204892967
0.5014271151885831 0.5119266055045871 0.5051987767584097 0.5106014271151886 0.5180428134556575 0.5196738022426096 0.5245667686034658 0.528644240570846 0.528032619775739 0.535474006116208 0.536493374108053 0.5386340468909276 0.5369011213047911 0.5420998980632008
0.5202854230377166 0.5208970438328236 0.5269113149847094 0.5273190621814475 0.526809378185525 0.5295616717635067 0.5334352701325178 0.5318042813455658 0.536289500509684 0.5333333333333333 0.5369011213047911 0.5442405708460755 0.545361875637105 0.5486238532110091
0.5127420998980632 0.5149847094801223 0.5150866462793068 0.5201834862385321 0.5167176350662589 0.5221202854230377 0.5306829765545362 0.5232415902140672 0.528236493374108 0.5273190621814475 0.5344546381243629 0.5289500509683996 0.5342507645259938 0.5405708460754333
0.4990825688073395 0.508664627930683 0.5123343527013252 0.5126401630988787 0.5114169215086646 0.5202854230377166 0.5279306829765545 0.5275229357798165 0.5299694189602446 0.5312945973496432 0.5323139653414882 0.5338430173292559 0.5394495412844037 0.5405708460754333
0.5065239551478083 0.508664627930683 0.5067278287461774 0.5174311926605505 0.5141692150866463 0.518960244648318 0.5238532110091743 0.5250764525993884 0.5207951070336392 0.5241590214067279 0.5241590214067279 0.5265035677879715 0.5296636085626911 0.5319062181447503
0.5114169215086646 0.5079510703363914 0.5108053007135576 0.5114169215086646 0.5150866462793068 0.5192660550458715 0.5194699286442406 0.5176350662589194 0.5201834862385321 0.5203873598369011 0.5234454638124363 0.525586136595311 0.5335372069317024 0.5345565749235474
0.5233435270132518 0.5302752293577981 0.5265035677879715 0.5233435270132518 0.5244648318042814 0.527624872579001 0.5283384301732925 0.5334352701325178 0.5320081549439347 0.5302752293577981 0.5320081549439347 0.5385321100917431 0.5420998980632008 0.5410805300713558
