0.7664627930682977 0.7709480122324159 0.5981651376146789 0.5981651376146789 0.5938837920489297 0.5940876656472986 0.5984709480122324 0.5595310907237513 0.5596330275229358 0.5596330275229358 0.5085626911314984 0.5085626911314984 0.5085626911314984 0.5085626911314984
0.7669724770642202 0.773598369011213 0.5988786952089704 0.5988786952089704 0.5945973496432212 0.5946992864424057 0.598980632008155 0.5601427115188583 0.5602446483180428 0.5602446483180428 0.5197757390417941 0.5197757390417941 0.5197757390417941 0.5197757390417941
0.7667686034658512 0.7607543323139654 0.599592252803262 0.599592252803262 0.5953109072375128 0.5954128440366973 0.5991845056065239 0.5612640163098879 0.5614678899082569 0.5614678899082569 0.4906218144750255 0.4906218144750255 0.4906218144750255 0.4906218144750255
0.7672782874617737 0.7613659531090724 0.5991845056065239 0.599388379204893 0.5950050968399593 0.5955147808358817 0.5998980632008155 0.563506625891947 0.563302752293578 0.5629969418960244 0.5629969418960244 0.5629969418960244 0.5067278287461774 0.5632008154943935
0.7675840978593272 0.7793068297655453 0.599592252803262 0.5997961264016309 0.5955147808358817 0.5957186544342508 0.6013251783893986 0.563302752293578 0.563506625891947 0.563506625891947 0.4967380224260958 0.4967380224260958 0.4967380224260958 0.4967380224260958
0.7669724770642202 0.7741080530071356 0.5991845056065239 0.599388379204893 0.5949031600407747 0.5952089704383282 0.5994903160040774 0.5615698267074414 0.5616717635066258 0.5618756371049949 0.5091743119266054 0.5091743119266054 0.5091743119266054 0.5091743119266054
0.7744138634046891 0.7871559633027523 0.6071355759429153 0.6071355759429153 0.6026503567787972 0.6033639143730887 0.6077471967380225 0.572782874617737 0.5726809378185524 0.5726809378185524 0.572782874617737 0.5321100917431193 0.5299694189602446 0.5299694189602446
0.7747196738022426 0.763098878695209 0.6073394495412844 0.6073394495412844 0.6027522935779817 0.6034658511722731 0.6077471967380225 0.5726809378185524 0.5726809378185524 0.5726809378185524 0.5172273190621814 0.5172273190621814 0.5172273190621814 0.5172273190621814
0.7667686034658512 0.7710499490316004 0.598776758409786 0.5985728848114169 0.5941896024464832 0.5944954128440367 0.5985728848114169 0.5609582059123344 0.5608562691131499 0.5613659531090723 0.5613659531090723 0.5613659531090723 0.49378185524974516 0.4941896024464832
0.7667686034658512 0.7799184505606523 0.598776758409786 0.598776758409786 0.5943934760448522 0.5948012232415902 0.5990825688073395 0.5614678899082569 0.5617737003058104 0.5617737003058104 0.4975535168195719 0.4975535168195719 0.4975535168195719 0.4975535168195719
