0.6322120285423037 0.5971457696228338 0.5701325178389398 0.5321100917431193 0.5123343527013252 0.5168195718654435 0.527013251783894 0.5304791029561672 0.5308868501529052 0.5063200815494393 0.5305810397553516 0.5347604485219164 0.5215086646279307 0.5304791029561672
0.6758409785932722 0.5965341488277268 0.5702344546381244 0.5291539245667686 0.526197757390418 0.5039755351681957 0.5058103975535169 0.5068297655453619 0.5067278287461774 0.5050968399592253 0.5077471967380224 0.5014271151885831 0.500611620795107 0.5067278287461774
0.6835881753312946 0.6047910295616717 0.5750254841997962 0.5154943934760449 0.5056065239551478 0.5148827726809379 0.518756371049949 0.5001019367991845 0.5075433231396534 0.500611620795107 0.5005096839959225 0.49775739041794087 0.4857288481141692 0.5150866462793068
0.6749235474006117 0.5946992864424057 0.5674821610601427 0.5180428134556575 0.5221202854230377 0.5212028542303772 0.5213047910295616 0.5229357798165137 0.5205912334352701 0.5253822629969419 0.4948012232415902 0.4948012232415902 0.5145769622833843 0.5015290519877675
0.6496432212028542 0.5973496432212029 0.5616717635066258 0.5231396534148828 0.5159021406727828 0.5138634046890928 0.5076452599388379 0.508053007135576 0.5077471967380224 0.5075433231396534 0.517940876656473 0.5440366972477064 0.5450560652395515 0.544954128440367
0.6762487257900102 0.599388379204893 0.5724770642201835 0.536085626911315 0.5035677879714577 0.5260958205912334 0.5085626911314984 0.5329255861365954 0.5082568807339449 0.5124362895005097 0.5283384301732925 0.5072375127420999 0.5115188583078492 0.5094801223241591
0.6799184505606524 0.6022426095820591 0.5742099898063201 0.5169215086646279 0.5284403669724771 0.528236493374108 0.5308868501529052 0.5056065239551478 0.5075433231396534 0.5199796126401631 0.5197757390417941 0.5068297655453619 0.5296636085626911 0.5199796126401631
0.6785932721712539 0.598980632008155 0.5700305810397553 0.5139653414882772 0.5029561671763506 0.5045871559633027 0.501834862385321 0.509683995922528 0.5119266055045871 0.5014271151885831 0.4987767584097859 0.5128440366972477 0.49734964322120284 0.4929663608562691
0.635677879714577 0.6359836901121305 0.5750254841997962 0.5342507645259938 0.5015290519877675 0.5015290519877675 0.501834862385321 0.5133537206931702 0.5031600407747197 0.5137614678899083 0.5034658511722732 0.5186544342507645 0.5043832823649338 0.5024464831804282
0.634862385321101 0.6005096839959225 0.571967380224261 0.5154943934760449 0.5146788990825688 0.5314984709480123 0.5301732925586137 0.5126401630988787 0.5297655453618756 0.5174311926605505 0.5023445463812436 0.5184505606523955 0.5139653414882772 0.5032619775739042
