0.4946992864424057 0.4942915392456677 0.4875637104994903 0.48073394495412847 0.45219164118246685 0.44617737003058106 0.4344546381243629 0.4487257900101937 0.4410805300713558 0.4434250764525994 0.44301732925586135 0.4434250764525994 0.454434250764526 0.44271151885830784
0.47696228338430174 0.4785932721712538 0.4667686034658512 0.4657492354740061 0.4407747196738022 0.4316004077471967 0.4260958205912334 0.4251783893985729 0.4345565749235474 0.42782874617737005 0.42456676860346587 0.42660550458715596 0.4234454638124363 0.4170234454638124
0.48766564729867484 0.47889908256880737 0.46788990825688076 0.4620795107033639 0.43944954128440367 0.4304791029561672 0.4352701325178389 0.4416921508664628 0.4374108053007136 0.4417940876656473 0.4386340468909276 0.44301732925586135 0.4398572884811417 0.4384301732925586
0.4917431192660551 0.4786952089704383 0.47349643221202853 0.48144750254842 0.45219164118246685 0.4478083588175331 0.43425076452599387 0.43934760448521915 0.4472986748216106 0.44791029561671764 0.4417940876656473 0.463302752293578 0.45158002038735984 0.4462793068297655
0.4883792048929664 0.48674821610601426 0.48460754332313966 0.4600407747196738 0.48297655453618754 0.4504587155963303 0.45891946992864424 0.47023445463812436 0.47390417940876656 0.4491335372069317 0.4551478083588175 0.4615698267074414 0.47359836901121305 0.455453618756371
0.49398572884811415 0.48267074413863403 0.48664627930682974 0.46055045871559636 0.45688073394495415 0.4332313965341488 0.4240570846075433 0.4402650356778797 0.42986748216106013 0.4334352701325178 0.4349643221202854 0.4309887869520897 0.42691131498470947 0.4297655453618756
0.47533129459734963 0.4777777777777778 0.4675840978593272 0.45586136595310905 0.44240570846075433 0.43333333333333335 0.43394495412844036 0.43547400611620796 0.43506625891946993 0.436493374108053 0.43608562691131497 0.43211009174311926 0.4286442405708461 0.4290519877675841
0.48827726809378186 0.4819571865443425 0.46228338430173294 0.4694189602446483 0.445769622833843 0.43690112130479103 0.444750254841998 0.44250764525993885 0.43853211009174314 0.4377166156982671 0.44852191641182465 0.4496432212028542 0.43537206931702344 0.44454638124362894
0.4759429153924567 0.4841997961264016 0.473190621814475 0.45616717635066256 0.4426095820591233 0.43170234454638123 0.4239551478083588 0.42752293577981654 0.4304791029561672 0.42844036697247706 0.4294597349643221 0.4248725790010194 0.42436289500509683 0.42048929663608564
0.5001019367991845 0.4912334352701325 0.4832823649337411 0.4692150866462793 0.44271151885830784 0.4306829765545362 0.42996941896024465 0.4355759429153925 0.42844036697247706 0.4234454638124363 0.43384301732925584 0.42629969418960245 0.427013251783894 0.4379204892966361
