0.5386340468909276 0.5108053007135576 0.5138634046890928 0.5077471967380224 0.5048929663608562 0.5069317023445464 0.5048929663608562 0.5048929663608562 0.5066258919469928 0.5046890927624873 0.5016309887869521 0.5067278287461774 0.5127420998980632 0.5152905198776758
0.5239551478083588 0.5330275229357798 0.5332313965341489 0.5059123343527013 0.5041794087665648 0.5070336391437309 0.5033639143730887 0.5048929663608562 0.5036697247706422 0.49378185524974516 0.508053007135576 0.5024464831804282 0.4982670744138634 0.5027522935779817
0.5383282364933741 0.5132517838939857 0.5151885830784914 0.5137614678899083 0.5123343527013252 0.5131498470948013 0.5165137614678899 0.5097859327217126 0.5131498470948013 0.5060142711518858 0.5083588175331295 0.5100917431192661 0.5159021406727828 0.5223241590214067
0.5296636085626911 0.5471967380224261 0.5385321100917431 0.545361875637105 0.5326197757390418 0.5188583078491336 0.5190621814475026 0.5103975535168196 0.5413863404689093 0.5316004077471967 0.5103975535168196 0.5188583078491336 0.5202854230377166 0.5265035677879715
0.5166156982670744 0.5089704383282365 0.5089704383282365 0.5072375127420999 0.5055045871559632 0.5093781855249745 0.5115188583078492 0.5015290519877675 0.5044852191641183 0.5022426095820591 0.5135575942915392 0.5108053007135576 0.5044852191641183 0.5059123343527013
0.525586136595311 0.509072375127421 0.499796126401631 0.5049949031600408 0.5072375127420999 0.5073394495412844 0.5027522935779817 0.5023445463812436 0.5011213047910296 0.5015290519877675 0.5056065239551478 0.500611620795107 0.5109072375127421 0.5043832823649338
0.5392456676860347 0.5193679918450561 0.5200815494393476 0.5153924566768604 0.5125382262996941 0.5217125382262997 0.5057084607543323 0.5190621814475026 0.5182466870540265 0.5076452599388379 0.5069317023445464 0.5065239551478083 0.5136595310907237 0.5058103975535169
0.5425076452599389 0.5355759429153925 0.5412844036697247 0.5393476044852191 0.5351681957186545 0.5284403669724771 0.5284403669724771 0.5237512742099898 0.5361875637104995 0.5387359836901121 0.5353720693170234 0.5349643221202854 0.5345565749235474 0.5170234454638124
0.5343527013251784 0.5318042813455658 0.5294597349643221 0.5146788990825688 0.5125382262996941 0.509072375127421 0.5178389398572885 0.5109072375127421 0.5114169215086646 0.5056065239551478 0.5075433231396534 0.5067278287461774 0.5061162079510704 0.5128440366972477
0.5417940876656473 0.5346585117227319 0.5229357798165137 0.5048929663608562 0.5229357798165137 0.5269113149847094 0.5040774719673802 0.5024464831804282 0.5100917431192661 0.5209989806320081 0.5172273190621814 0.5115188583078492 0.5190621814475026 0.5081549439347605
