0.5050968399592253 0.5011213047910296 0.4980632008154944 0.49347604485219165 0.4928644240570846 0.4945973496432212 0.48705402650356777 0.48797145769622835 0.4865443425076453 0.4865443425076453 0.4841997961264016 0.48430173292558615 0.47787971457696227 0.47176350662589195
0.4872579001019368 0.4865443425076453 0.49225280326197757 0.48114169215086644 0.4763506625891947 0.4713557594291539 0.4692150866462793 0.47115188583078493 0.46931702344546383 0.46299694189602447 0.46269113149847096 0.4612640163098879 0.45321100917431195 0.4505606523955148
0.49225280326197757 0.49072375127421 0.48623853211009177 0.48399592252803264 0.48450560652395513 0.47706422018348627 0.48154943934760447 0.47665647298674824 0.4730886850152905 0.47237512742099896 0.47003058103975537 0.4676860346585117 0.46350662589194697 0.46116207951070337
0.4985728848114169 0.48807339449541287 0.4948012232415902 0.4893985728848114 0.4819571865443425 0.48032619775739044 0.47543323139653415 0.4713557594291539 0.47196738022426094 0.46452599388379207 0.46350662589194697 0.46136595310907236 0.463098878695209 0.4579001019367992
0.47971457696228337 0.47910295616717635 0.4730886850152905 0.47268093781855247 0.473190621814475 0.4704383282364934 0.46656472986748215 0.46819571865443427 0.463710499490316 0.4666666666666667 0.463098878695209 0.4557594291539246 0.454638124362895 0.45137614678899085
0.4872579001019368 0.4850152905198777 0.48491335372069316 0.4798165137614679 0.4832823649337411 0.47787971457696227 0.46931702344546383 0.4767584097859327 0.47176350662589195 0.47268093781855247 0.4655453618756371 0.4710499490316004 0.4657492354740061 0.4594291539245668
0.5009174311926605 0.49133537206931704 0.48766564729867484 0.4873598369011213 0.48858307849133537 0.47971457696228337 0.47206931702344546 0.4724770642201835 0.47003058103975537 0.46870540265035676 0.4676860346585117 0.4661569826707441 0.46055045871559636 0.4594291539245668
0.49347604485219165 0.49133537206931704 0.4932721712538226 0.48256880733944957 0.48583078491335374 0.481039755351682 0.4761467889908257 0.4749235474006116 0.4792048929663609 0.4758409785932722 0.4758409785932722 0.47349643221202853 0.4703363914373089 0.46809378185524975
0.48858307849133537 0.4920489296636086 0.4891946992864424 0.48858307849133537 0.48491335372069316 0.48073394495412847 0.4805300713557594 0.4823649337410805 0.4798165137614679 0.4796126401630989 0.4765545361875637 0.4744138634046891 0.46646279306829763 0.4654434250764526
0.47665647298674824 0.46972477064220186 0.47349643221202853 0.47665647298674824 0.47553516819571867 0.47237512742099896 0.4716615698267074 0.46656472986748215 0.4679918450560652 0.46972477064220186 0.4679918450560652 0.4614678899082569 0.4579001019367992 0.45891946992864424
