0.23251783893985728 0.22609582059123343 0.399592252803262 0.399592252803262 0.40428134556574924 0.4036697247706422 0.3992864424057085 0.4365953109072375 0.4361875637104995 0.4361875637104995 0.49734964322120284 0.49734964322120284 0.43608562691131497 0.43608562691131497
0.23323139653414882 0.22844036697247708 0.40071355759429156 0.40071355759429156 0.4049949031600408 0.40489296636085625 0.40071355759429156 0.43883792048929665 0.4386340468909276 0.4386340468909276 0.509072375127421 0.509072375127421 0.5087665647298675 0.5087665647298675
0.23302752293577983 0.23934760448521916 0.40061162079510704 0.40061162079510704 0.40489296636085625 0.40468909276248727 0.40061162079510704 0.43853211009174314 0.4384301732925586 0.4386340468909276 0.5089704383282365 0.5089704383282365 0.5087665647298675 0.5087665647298675
0.22629969418960244 0.22252803261977575 0.3928644240570846 0.3928644240570846 0.39765545361875637 0.3959225280326198 0.3887869520897044 0.426809378185525 0.42660550458715596 0.42660550458715596 0.47084607543323137 0.47084607543323137 0.4834862385321101 0.4834862385321101
0.2329255861365953 0.2182466870540265 0.40101936799184507 0.40091743119266054 0.4053007135575943 0.40519877675840976 0.40091743119266054 0.4396534148827727 0.4395514780835882 0.4395514780835882 0.5081549439347605 0.5081549439347605 0.5079510703363914 0.5079510703363914
0.23200815494393476 0.23781855249745157 0.39908256880733944 0.3989806320081549 0.40336391437308866 0.40305810397553515 0.39908256880733944 0.43567787971457694 0.43567787971457694 0.43567787971457694 0.5030581039755352 0.5030581039755352 0.5030581039755352 0.5030581039755352
0.23323139653414882 0.22303771661569827 0.40152905198776756 0.4013251783893986 0.4056065239551478 0.4053007135575943 0.4013251783893986 0.4386340468909276 0.4381243628950051 0.4383282364933741 0.5047910295616718 0.5047910295616718 0.5047910295616718 0.5047910295616718
0.23302752293577983 0.23914373088685015 0.40122324159021405 0.40122324159021405 0.4055045871559633 0.4049949031600408 0.40071355759429156 0.43761467889908257 0.43720693170234454 0.43700305810397555 0.48817533129459734 0.48817533129459734 0.48817533129459734 0.48817533129459734
0.23282364933741082 0.22436289500509685 0.400407747196738 0.400203873598369 0.4044852191641182 0.40438328236493376 0.4001019367991845 0.4374108053007136 0.4378185524974516 0.4374108053007136 0.5067278287461774 0.5067278287461774 0.5067278287461774 0.5067278287461774
0.23323139653414882 0.2277268093781855 0.400815494393476 0.400815494393476 0.4050968399592253 0.4049949031600408 0.400815494393476 0.4389398572884811 0.4389398572884811 0.4389398572884811 0.4389398572884811 0.4910295616717635 0.49153924566768603 0.49153924566768603
