0.5040774719673802 0.5094801223241591 0.5100917431192661 0.5058103975535169 0.5109072375127421 0.5161060142711519 0.518756371049949 0.5228338430173293 0.5186544342507645 0.526401630988787 0.5229357798165137 0.5302752293577981 0.5335372069317024 0.536289500509684
0.49582059123343525 0.5050968399592253 0.5121304791029562 0.5101936799184505 0.5161060142711519 0.518144750254842 0.5172273190621814 0.5238532110091743 0.5279306829765545 0.5349643221202854 0.5385321100917431 0.5416921508664628 0.545565749235474 0.5470948012232416
0.5167176350662589 0.5161060142711519 0.5239551478083588 0.518960244648318 0.5258919469928645 0.5293577981651376 0.5376146788990825 0.5408766564729868 0.5410805300713558 0.5402650356778798 0.5392456676860347 0.5406727828746177 0.5460754332313965 0.5499490316004078
0.5068297655453619 0.5074413863404689 0.5109072375127421 0.5141692150866463 0.5160040774719674 0.5150866462793068 0.5164118246687054 0.5208970438328236 0.5220183486238532 0.5176350662589194 0.5232415902140672 0.526809378185525 0.5328236493374108 0.5412844036697247
0.5064220183486239 0.5163098878695209 0.5232415902140672 0.5259938837920489 0.5227319062181448 0.5269113149847094 0.5245667686034658 0.5294597349643221 0.5304791029561672 0.5303771661569827 0.5350662589194699 0.5328236493374108 0.5391437308868502 0.5426095820591234
0.517737003058104 0.5169215086646279 0.5229357798165137 0.5266055045871559 0.5251783893985729 0.5320081549439347 0.5267074413863405 0.5271151885830785 0.5328236493374108 0.5351681957186545 0.5350662589194699 0.5412844036697247 0.5420998980632008 0.546992864424057
0.5131498470948013 0.5116207951070336 0.5144750254841998 0.5140672782874618 0.5169215086646279 0.5218144750254842 0.5222222222222223 0.5259938837920489 0.5232415902140672 0.5277268093781855 0.527217125382263 0.5293577981651376 0.5316004077471967 0.5385321100917431
0.5114169215086646 0.5119266055045871 0.5164118246687054 0.5132517838939857 0.5194699286442406 0.5328236493374108 0.5303771661569827 0.5309887869520897 0.5283384301732925 0.5310907237512742 0.5319062181447503 0.535270132517839 0.5423037716615698 0.5436289500509685
0.49918450560652394 0.5063200815494393 0.5137614678899083 0.5161060142711519 0.5173292558613659 0.517737003058104 0.5214067278287462 0.5234454638124363 0.5298674821610602 0.5300713557594292 0.5301732925586137 0.5313965341488277 0.5340468909276249 0.5337410805300714
0.510295616717635 0.5142711518858308 0.5203873598369011 0.5198776758409785 0.5244648318042814 0.5279306829765545 0.5295616717635067 0.525586136595311 0.5331294597349643 0.5299694189602446 0.5301732925586137 0.5386340468909276 0.5419979612640163 0.5432212028542304
