0.47533129459734963 0.46136595310907236 0.46442405708460754 0.463710499490316 0.4673802242609582 0.46167176350662587 0.4636085626911315 0.4670744138634047 0.47054026503567786 0.47706422018348627 0.4773700305810398 0.46636085626911317 0.4780835881753313 0.4712538226299694
0.4865443425076453 0.44250764525993885 0.4444444444444444 0.4420998980632008 0.47329255861365954 0.4624872579001019 0.46279306829765543 0.4614678899082569 0.45861365953109073 0.4704383282364934 0.46411824668705404 0.47665647298674824 0.46819571865443427 0.4676860346585117
0.4439347604485219 0.45005096839959224 0.46452599388379207 0.4654434250764526 0.4746177370030581 0.4649337410805301 0.4679918450560652 0.4767584097859327 0.47522935779816516 0.45922528032619775 0.4792048929663609 0.4691131498470948 0.481855249745158 0.47889908256880737
0.47971457696228337 0.47930682976554534 0.4802242609582059 0.4835881753312946 0.4836901121304791 0.48083588175331293 0.482262996941896 0.4802242609582059 0.48766564729867484 0.4740061162079511 0.4804281345565749 0.481039755351682 0.48450560652395513 0.47900101936799183
0.46320081549439346 0.4749235474006116 0.48073394495412847 0.48521916411824667 0.481855249745158 0.4740061162079511 0.47726809378185525 0.481651376146789 0.48307849133537206 0.48032619775739044 0.4819571865443425 0.482262996941896 0.48032619775739044 0.48083588175331293
0.45922528032619775 0.4857288481141692 0.48848114169215084 0.48797145769622835 0.49398572884811415 0.4945973496432212 0.4932721712538226 0.49164118246687055 0.4902140672782875 0.4927624872579001 0.4943934760448522 0.4917431192660551 0.4972477064220184 0.491131498470948
0.47115188583078493 0.4856269113149847 0.4902140672782875 0.4851172273190622 0.48644240570846076 0.49531090723751275 0.4964322120285423 0.4853211009174312 0.4896024464831804 0.49531090723751275 0.49714576962283386 0.4928644240570846 0.4963302752293578 0.48491335372069316
0.48297655453618754 0.4902140672782875 0.4855249745158002 0.48817533129459734 0.4868501529051988 0.4798165137614679 0.47900101936799183 0.4957186544342508 0.49153924566768603 0.481651376146789 0.4798165137614679 0.48827726809378186 0.4872579001019368 0.4741080530071356
0.4669724770642202 0.4722731906218145 0.46636085626911317 0.5001019367991845 0.4965341488277268 0.4859327217125382 0.501223241590214 0.4925586136595311 0.500611620795107 0.5048929663608562 0.500203873598369 0.5033639143730887 0.4978593272171254 0.48827726809378186
0.46350662589194697 0.45372069317023445 0.4666666666666667 0.4583078491335372 0.4603465851172273 0.4688073394495413 0.45035677879714575 0.4785932721712538 0.47145769622833844 0.46901121304791027 0.4840978593272171 0.46075433231396534 0.47023445463812436 0.46442405708460754
