0.5089704383282365 0.5063200815494393 0.5217125382262997 0.5332313965341489 0.5491335372069317 0.5611620795107034 0.582059123343527 0.5729867482161061 0.5658511722731906 0.5611620795107034 0.5740061162079511 0.5619775739041795 0.5759429153924567 0.5787971457696228
0.519571865443425 0.5217125382262997 0.5267074413863405 0.5206931702344546 0.5705402650356779 0.5753312945973497 0.5749235474006116 0.5831804281345566 0.5756371049949032 0.5717635066258919 0.5765545361875637 0.5755351681957187 0.5844036697247706 0.5825688073394495
0.5163098878695209 0.5173292558613659 0.5219164118246687 0.5370030581039755 0.5505606523955148 0.5448521916411825 0.5645259938837921 0.5598369011213048 0.5584097859327217 0.5461773700305811 0.5630988786952089 0.56289500509684 0.5509683995922529 0.5496432212028542
0.5119266055045871 0.518348623853211 0.5335372069317024 0.5283384301732925 0.5468909276248726 0.5537206931702344 0.5604485219164118 0.5666666666666667 0.5539245667686035 0.5441386340468909 0.5720693170234454 0.5525993883792049 0.5560652395514781 0.5590214067278287
0.517737003058104 0.517737003058104 0.5355759429153925 0.5500509683995922 0.5608562691131499 0.5674821610601427 0.5740061162079511 0.5797145769622833 0.5702344546381244 0.5732925586136596 0.573394495412844 0.5724770642201835 0.580632008154944 0.5833843017329255
0.5308868501529052 0.5321100917431193 0.5162079510703363 0.537920489296636 0.5589194699286443 0.5560652395514781 0.5821610601427115 0.5659531090723752 0.5617737003058104 0.5739041794087666 0.5678899082568807 0.563914373088685 0.5761467889908257 0.572579001019368
0.5346585117227319 0.5340468909276249 0.5342507645259938 0.5497451580020387 0.5673802242609582 0.5718654434250765 0.5910295616717635 0.5908256880733945 0.5877675840978593 0.589092762487258 0.5856269113149847 0.5865443425076453 0.591131498470948 0.5886850152905199
0.5247706422018349 0.5351681957186545 0.5380224260958206 0.5512742099898064 0.5560652395514781 0.5590214067278287 0.5772680937818553 0.5623853211009174 0.5864424057084607 0.5708460754332314 0.5654434250764526 0.5707441386340469 0.5848114169215086 0.5856269113149847
0.5108053007135576 0.5202854230377166 0.5227319062181448 0.5231396534148828 0.5345565749235474 0.5374108053007136 0.5326197757390418 0.5519877675840978 0.545565749235474 0.5441386340468909 0.5525993883792049 0.5557594291539245 0.5547400611620795 0.5501529051987768
0.5131498470948013 0.5101936799184505 0.5291539245667686 0.5247706422018349 0.53710499490316 0.5519877675840978 0.5677879714576962 0.5690112130479102 0.5617737003058104 0.555045871559633 0.5530071355759429 0.5747196738022426 0.5570846075433231 0.5710499490316004
