0.318348623853211 0.39755351681957185 0.4166156982670744 0.4439347604485219 0.45983690112130476 0.4750254841997961 0.4782874617737003 0.473190621814475 0.4837920489296636 0.481855249745158 0.4831804281345566 0.4801223241590214 0.46809378185524975 0.4776758409785933
0.3143730886850153 0.3890927624872579 0.4194699286442406 0.4569826707441386 0.47115188583078493 0.48644240570846076 0.45586136595310905 0.47115188583078493 0.5005096839959225 0.4917431192660551 0.4946992864424057 0.49225280326197757 0.48807339449541287 0.49317023445463815
0.32589194699286445 0.4060142711518858 0.4307849133537207 0.4779816513761468 0.47696228338430174 0.4792048929663609 0.4710499490316004 0.49959225280326197 0.4761467889908257 0.4759429153924567 0.48491335372069316 0.4823649337410805 0.4857288481141692 0.49011213047910296
0.3202854230377166 0.36636085626911313 0.4295616717635066 0.46809378185524975 0.4744138634046891 0.4869520897043833 0.4908256880733945 0.4912334352701325 0.47329255861365954 0.4785932721712538 0.47849133537206934 0.4998980632008155 0.5022426095820591 0.47176350662589195
0.32405708460754334 0.36819571865443423 0.4308868501529052 0.4617737003058104 0.4984709480122324 0.4984709480122324 0.4743119266055046 0.482262996941896 0.48623853211009177 0.5058103975535169 0.5153924566768604 0.5032619775739042 0.4817533129459735 0.5153924566768604
0.32650356778797146 0.4069317023445464 0.43363914373088686 0.4819571865443425 0.47268093781855247 0.48817533129459734 0.48807339449541287 0.48817533129459734 0.4888888888888889 0.47879714576962285 0.47003058103975537 0.5050968399592253 0.47186544342507647 0.4743119266055046
0.37074413863404687 0.40489296636085625 0.43394495412844036 0.48848114169215084 0.4747196738022426 0.47787971457696227 0.47604485219164117 0.4710499490316004 0.4865443425076453 0.4709480122324159 0.4709480122324159 0.4914373088685015 0.48154943934760447 0.48634046890927624
0.3218144750254842 0.3994903160040775 0.4289500509683996 0.4869520897043833 0.47268093781855247 0.48583078491335374 0.4758409785932722 0.4967380224260958 0.47155963302752296 0.5 0.4965341488277268 0.49500509683995925 0.5079510703363914 0.49714576962283386
0.36982670744138635 0.39724770642201834 0.4289500509683996 0.48297655453618754 0.47237512742099896 0.4710499490316004 0.4704383282364934 0.4692150866462793 0.48216106014271154 0.4695208970438328 0.4957186544342508 0.46931702344546383 0.491131498470948 0.49561671763506626
0.32079510703363917 0.39938837920489295 0.42996941896024465 0.4740061162079511 0.48144750254842 0.47512742099898064 0.47390417940876656 0.48521916411824667 0.4800203873598369 0.48430173292558615 0.47482161060142714 0.46534148827726807 0.47380224260958204 0.47696228338430174
