0.5246687054026503 0.5386340468909276 0.5355759429153925 0.536289500509684 0.5326197757390418 0.5383282364933741 0.5363914373088685 0.5329255861365954 0.5294597349643221 0.5229357798165137 0.5226299694189602 0.5336391437308868 0.5219164118246687 0.5287461773700306
0.5134556574923548 0.5574923547400612 0.5555555555555556 0.5579001019367992 0.5267074413863405 0.5375127420998981 0.5372069317023446 0.5385321100917431 0.5413863404689093 0.5295616717635067 0.535881753312946 0.5233435270132518 0.5318042813455658 0.5323139653414882
0.5560652395514781 0.5499490316004078 0.535474006116208 0.5345565749235474 0.5253822629969419 0.5350662589194699 0.5320081549439347 0.5232415902140672 0.5247706422018349 0.5407747196738022 0.5207951070336392 0.5308868501529052 0.518144750254842 0.5211009174311927
0.5202854230377166 0.5206931702344546 0.5197757390417941 0.5164118246687054 0.5163098878695209 0.5191641182466871 0.517737003058104 0.5197757390417941 0.5123343527013252 0.5259938837920489 0.519571865443425 0.518960244648318 0.5154943934760449 0.5209989806320081
0.5367991845056065 0.5250764525993884 0.5192660550458715 0.5147808358817533 0.518144750254842 0.5259938837920489 0.5227319062181448 0.518348623853211 0.5169215086646279 0.5196738022426096 0.5180428134556575 0.517737003058104 0.5196738022426096 0.5191641182466871
0.5407747196738022 0.5142711518858308 0.5115188583078492 0.5120285423037717 0.5060142711518858 0.5054026503567788 0.5067278287461774 0.5083588175331295 0.5097859327217126 0.5072375127420999 0.5056065239551478 0.5082568807339449 0.5027522935779817 0.5088685015290519
0.5288481141692151 0.5143730886850153 0.5097859327217126 0.5148827726809379 0.5135575942915392 0.5046890927624873 0.5035677879714577 0.5146788990825688 0.5103975535168196 0.5046890927624873 0.5028542303771661 0.5071355759429154 0.5036697247706422 0.5150866462793068
0.5170234454638124 0.5097859327217126 0.5144750254841998 0.5118246687054027 0.5131498470948013 0.5201834862385321 0.5209989806320081 0.5042813455657492 0.508460754332314 0.518348623853211 0.5201834862385321 0.5117227319062182 0.5127420998980632 0.5258919469928645
0.5330275229357798 0.5277268093781855 0.5336391437308868 0.4998980632008155 0.5034658511722732 0.5140672782874618 0.4987767584097859 0.5074413863404689 0.499388379204893 0.4951070336391437 0.499796126401631 0.4966360856269113 0.5021406727828747 0.5117227319062182
0.536493374108053 0.5462793068297656 0.5333333333333333 0.5416921508664628 0.5396534148827726 0.5311926605504587 0.5496432212028542 0.5214067278287462 0.5285423037716616 0.5309887869520897 0.5159021406727828 0.5392456676860347 0.5297655453618756 0.5355759429153925
