0.681651376146789 0.6024464831804281 0.5833843017329255 0.5560652395514781 0.5401630988786952 0.5249745158002038 0.5217125382262997 0.526809378185525 0.5162079510703363 0.518144750254842 0.5168195718654435 0.5198776758409785 0.5319062181447503 0.5223241590214067
0.6856269113149847 0.6109072375127421 0.5805300713557594 0.5430173292558613 0.5288481141692151 0.5135575942915392 0.5441386340468909 0.5288481141692151 0.49949031600407745 0.5082568807339449 0.5053007135575943 0.5077471967380224 0.5119266055045871 0.5068297655453619
0.6741080530071356 0.5939857288481142 0.5692150866462793 0.5220183486238532 0.5230377166156983 0.5207951070336392 0.5289500509683996 0.500407747196738 0.5238532110091743 0.5240570846075433 0.5150866462793068 0.5176350662589194 0.5142711518858308 0.509887869520897
0.6797145769622834 0.6336391437308868 0.5704383282364933 0.5319062181447503 0.525586136595311 0.5130479102956167 0.5091743119266054 0.5087665647298675 0.5267074413863405 0.5214067278287462 0.5215086646279307 0.5001019367991845 0.49775739041794087 0.528236493374108
0.6759429153924567 0.6318042813455658 0.5691131498470948 0.5382262996941896 0.5015290519877675 0.5015290519877675 0.5256880733944954 0.517737003058104 0.5137614678899083 0.4941896024464832 0.48460754332313966 0.4967380224260958 0.5182466870540265 0.48460754332313966
0.6734964322120286 0.5930682976554537 0.5663608562691131 0.5180428134556575 0.5273190621814475 0.5118246687054027 0.5119266055045871 0.5118246687054027 0.5111111111111111 0.5212028542303772 0.5299694189602446 0.4949031600407747 0.5281345565749236 0.5256880733944954
0.6292558613659531 0.5951070336391437 0.5660550458715596 0.5115188583078492 0.5252803261977574 0.5221202854230377 0.5239551478083588 0.5289500509683996 0.5134556574923548 0.5290519877675841 0.5290519877675841 0.5085626911314984 0.5184505606523955 0.5136595310907237
0.6781855249745158 0.6005096839959225 0.5710499490316004 0.5130479102956167 0.5273190621814475 0.5141692150866463 0.5241590214067279 0.5032619775739042 0.5284403669724771 0.5 0.5034658511722732 0.5049949031600408 0.4920489296636086 0.5028542303771661
0.6301732925586137 0.6027522935779817 0.5710499490316004 0.5170234454638124 0.527624872579001 0.5289500509683996 0.5295616717635067 0.5307849133537207 0.5178389398572885 0.5304791029561672 0.5042813455657492 0.5306829765545362 0.5088685015290519 0.5043832823649338
0.6792048929663609 0.600611620795107 0.5700305810397553 0.5259938837920489 0.51855249745158 0.5248725790010194 0.5260958205912334 0.5147808358817533 0.5199796126401631 0.5156982670744139 0.5251783893985729 0.5346585117227319 0.526197757390418 0.5230377166156983
