0.49592252803261977 0.490519877675841 0.48990825688073397 0.4941896024464832 0.4890927624872579 0.4838939857288481 0.48124362895005096 0.47716615698267073 0.4813455657492355 0.47359836901121305 0.47706422018348627 0.46972477064220186 0.46646279306829763 0.463710499490316
0.5041794087665648 0.4949031600407747 0.48786952089704383 0.48980632008154945 0.4838939857288481 0.481855249745158 0.48277268093781855 0.4761467889908257 0.47206931702344546 0.46503567787971456 0.4614678899082569 0.4583078491335372 0.454434250764526 0.4529051987767584
0.4832823649337411 0.4838939857288481 0.47604485219164117 0.481039755351682 0.4741080530071356 0.4706422018348624 0.46238532110091746 0.45912334352701323 0.45891946992864424 0.4597349643221203 0.46075433231396534 0.45932721712538227 0.4539245667686035 0.45005096839959224
0.49317023445463815 0.4925586136595311 0.4890927624872579 0.48583078491335374 0.48399592252803264 0.48491335372069316 0.4835881753312946 0.47910295616717635 0.4779816513761468 0.4823649337410805 0.4767584097859327 0.473190621814475 0.46717635066258917 0.45871559633027525
0.4935779816513762 0.4836901121304791 0.4767584097859327 0.4740061162079511 0.47726809378185525 0.4730886850152905 0.47543323139653415 0.47054026503567786 0.4695208970438328 0.46962283384301734 0.4649337410805301 0.46717635066258917 0.46085626911314986 0.45739041794087665
0.482262996941896 0.48307849133537206 0.47706422018348627 0.47339449541284406 0.47482161060142714 0.4679918450560652 0.47329255861365954 0.4728848114169215 0.46717635066258917 0.4648318042813456 0.4649337410805301 0.45871559633027525 0.4579001019367992 0.4530071355759429
0.4868501529051988 0.4883792048929664 0.4855249745158002 0.4859327217125382 0.48307849133537206 0.4781855249745158 0.4777777777777778 0.4740061162079511 0.4767584097859327 0.4722731906218145 0.472782874617737 0.4706422018348624 0.46839959225280325 0.4614678899082569
0.48858307849133537 0.48807339449541287 0.4835881753312946 0.48674821610601426 0.4805300713557594 0.46717635066258917 0.46962283384301734 0.46901121304791027 0.4716615698267074 0.4689092762487258 0.46809378185524975 0.46472986748216105 0.45769622833843016 0.4563710499490316
0.5008154943934761 0.49367991845056064 0.48623853211009177 0.4838939857288481 0.48267074413863403 0.482262996941896 0.4785932721712538 0.4765545361875637 0.47013251783893983 0.46992864424057085 0.4698267074413863 0.4686034658511723 0.46595310907237514 0.46625891946992865
0.48970438328236493 0.4857288481141692 0.4796126401630989 0.4801223241590214 0.47553516819571867 0.47206931702344546 0.4704383282364934 0.4744138634046891 0.46687054026503566 0.47003058103975537 0.4698267074413863 0.46136595310907236 0.45800203873598366 0.45677879714576963
