0.4910295616717635 0.49367991845056064 0.4782874617737003 0.4667686034658512 0.4508664627930683 0.43883792048929665 0.417940876656473 0.427013251783894 0.4341488277268094 0.43883792048929665 0.42599388379204894 0.4380224260958206 0.4240570846075433 0.4212028542303772
0.4804281345565749 0.4782874617737003 0.47329255861365954 0.47930682976554534 0.4294597349643221 0.42466870540265034 0.42507645259938837 0.41681957186544344 0.42436289500509683 0.4282364933741081 0.4234454638124363 0.42446483180428135 0.41559633027522935 0.41743119266055045
0.4836901121304791 0.48267074413863403 0.4780835881753313 0.46299694189602447 0.44943934760448523 0.4551478083588175 0.43547400611620796 0.4401630988786952 0.4415902140672783 0.45382262996941897 0.43690112130479103 0.43710499490316 0.4490316004077472 0.45035677879714575
0.48807339449541287 0.481651376146789 0.46646279306829763 0.4716615698267074 0.45310907237512743 0.4462793068297655 0.4395514780835882 0.43333333333333335 0.44607543323139653 0.45586136595310905 0.4279306829765545 0.4474006116207951 0.4439347604485219 0.44097859327217126
0.482262996941896 0.482262996941896 0.46442405708460754 0.4499490316004077 0.43914373088685016 0.4325178389398573 0.42599388379204894 0.4202854230377166 0.4297655453618756 0.4267074413863405 0.42660550458715596 0.42752293577981654 0.4193679918450561 0.4166156982670744
0.4691131498470948 0.46788990825688076 0.4837920489296636 0.4620795107033639 0.4410805300713558 0.4439347604485219 0.4178389398572885 0.4340468909276249 0.4382262996941896 0.4260958205912334 0.43211009174311926 0.43608562691131497 0.42385321100917434 0.427420998980632
0.46534148827726807 0.46595310907237514 0.4657492354740061 0.4502548419979613 0.4326197757390418 0.42813455657492355 0.4089704383282365 0.4091743119266055 0.41223241590214066 0.4109072375127421 0.41437308868501527 0.41345565749235474 0.40886850152905196 0.41131498470948014
0.47522935779816516 0.4648318042813456 0.46197757390417943 0.4487257900101937 0.4439347604485219 0.44097859327217126 0.42273190621814477 0.43761467889908257 0.41355759429153927 0.4291539245667686 0.4345565749235474 0.4292558613659531 0.4151885830784913 0.41437308868501527
0.4891946992864424 0.47971457696228337 0.47726809378185525 0.4768603465851172 0.4654434250764526 0.46258919469928644 0.4673802242609582 0.44801223241590216 0.454434250764526 0.45586136595310905 0.4474006116207951 0.44424057084607543 0.4452599388379205 0.44984709480122326
0.4868501529051988 0.48980632008154945 0.47084607543323137 0.47522935779816516 0.46289500509683995 0.44801223241590216 0.4322120285423038 0.4309887869520897 0.4382262996941896 0.44495412844036697 0.44699286442405706 0.4252803261977574 0.4429153924566769 0.4289500509683996
