0.7674821610601427 0.7739041794087665 0.6004077471967381 0.6004077471967381 0.5957186544342508 0.5963302752293578 0.6007135575942916 0.5634046890927625 0.5638124362895005 0.5638124362895005 0.5026503567787971 0.5026503567787971 0.563914373088685 0.563914373088685
0.7667686034658512 0.771559633027523 0.5992864424057085 0.5992864424057085 0.5950050968399593 0.5951070336391437 0.5992864424057085 0.5611620795107034 0.5613659531090723 0.5613659531090723 0.490927624872579 0.490927624872579 0.4912334352701325 0.4912334352701325
0.7669724770642202 0.7606523955147808 0.599388379204893 0.599388379204893 0.5951070336391437 0.5953109072375128 0.599388379204893 0.5614678899082569 0.5615698267074414 0.5613659531090723 0.4910295616717635 0.4910295616717635 0.4912334352701325 0.4912334352701325
0.7737003058103975 0.7774719673802243 0.6071355759429153 0.6071355759429153 0.6023445463812437 0.6040774719673803 0.6112130479102956 0.573190621814475 0.573394495412844 0.573394495412844 0.5291539245667686 0.5291539245667686 0.5165137614678899 0.5165137614678899
0.7670744138634047 0.7817533129459735 0.598980632008155 0.5990825688073395 0.5946992864424057 0.5948012232415902 0.5990825688073395 0.5603465851172273 0.5604485219164118 0.5604485219164118 0.49184505606523954 0.49184505606523954 0.4920489296636086 0.4920489296636086
0.7679918450560652 0.7621814475025485 0.6009174311926605 0.6010193679918451 0.5966360856269113 0.5969418960244648 0.6009174311926605 0.5643221202854231 0.5643221202854231 0.5643221202854231 0.4969418960244648 0.4969418960244648 0.4969418960244648 0.4969418960244648
0.7667686034658512 0.7769622833843017 0.5984709480122324 0.5986748216106015 0.5943934760448522 0.5946992864424057 0.5986748216106015 0.5613659531090723 0.5618756371049949 0.5616717635066258 0.49520897043832823 0.49520897043832823 0.49520897043832823 0.49520897043832823
0.7669724770642202 0.7608562691131499 0.598776758409786 0.598776758409786 0.5944954128440367 0.5950050968399593 0.5992864424057085 0.5623853211009174 0.5627930682976554 0.5629969418960244 0.5118246687054027 0.5118246687054027 0.5118246687054027 0.5118246687054027
0.7671763506625892 0.7756371049949031 0.599592252803262 0.5997961264016309 0.5955147808358817 0.5956167176350663 0.5998980632008155 0.5625891946992865 0.5621814475025484 0.5625891946992865 0.4932721712538226 0.4932721712538226 0.4932721712538226 0.4932721712538226
0.7667686034658512 0.7722731906218144 0.5991845056065239 0.5991845056065239 0.5949031600407747 0.5950050968399593 0.5991845056065239 0.5610601427115188 0.5610601427115188 0.5610601427115188 0.5610601427115188 0.5089704383282365 0.508460754332314 0.508460754332314
