0.32609582059123343 0.36666666666666664 0.4286442405708461 0.47879714576962285 0.44954128440366975 0.4779816513761468 0.48481141692150864 0.4840978593272171 0.4924566768603466 0.4954128440366973 0.48399592252803264 0.4832823649337411 0.46075433231396534 0.5034658511722732
0.3237512742099898 0.399592252803262 0.4271151885830785 0.4800203873598369 0.4744138634046891 0.4603465851172273 0.46656472986748215 0.4948012232415902 0.481651376146789 0.5026503567787971 0.5026503567787971 0.49775739041794087 0.49867482161060145 0.5021406727828747
0.363914373088685 0.3948012232415902 0.41987767584097857 0.4728848114169215 0.4923547400611621 0.4908256880733945 0.4873598369011213 0.48613659531090725 0.4875637104994903 0.4838939857288481 0.48664627930682974 0.4887869520897044 0.48256880733944957 0.4854230377166157
0.32456676860346584 0.4037716615698267 0.43180428134556575 0.4868501529051988 0.4795107033639144 0.4750254841997961 0.49887869520897044 0.49867482161060145 0.4961264016309888 0.4961264016309888 0.4823649337410805 0.4966360856269113 0.4942915392456677 0.4779816513761468
0.32650356778797146 0.3688073394495413 0.4322120285423038 0.4857288481141692 0.4800203873598369 0.481855249745158 0.4979612640163099 0.5015290519877675 0.49887869520897044 0.4954128440366973 0.5015290519877675 0.5007135575942916 0.4886850152905199 0.5076452599388379
0.3653414882772681 0.400203873598369 0.4233435270132518 0.4823649337410805 0.4923547400611621 0.4832823649337411 0.48491335372069316 0.48460754332313966 0.48491335372069316 0.48858307849133537 0.4923547400611621 0.48491335372069316 0.48521916411824667 0.48674821610601426
0.32089704383282364 0.400407747196738 0.42813455657492355 0.4765545361875637 0.45891946992864424 0.472782874617737 0.4765545361875637 0.47553516819571867 0.4781855249745158 0.47370030581039757 0.4617737003058104 0.48032619775739044 0.4724770642201835 0.4762487257900102
0.36738022426095823 0.4001019367991845 0.42619775739041793 0.4563710499490316 0.46636085626911317 0.47329255861365954 0.47084607543323137 0.47349643221202853 0.47604485219164117 0.4648318042813456 0.47390417940876656 0.4712538226299694 0.4746177370030581 0.46636085626911317
0.36829765545361876 0.4005096839959225 0.4255861365953109 0.4841997961264016 0.47155963302752296 0.4758409785932722 0.49041794087665647 0.4759429153924567 0.49704383282364933 0.4722731906218145 0.48450560652395513 0.4969418960244648 0.46717635066258917 0.48950050968399594
0.32089704383282364 0.3657492354740061 0.42833843017329254 0.47889908256880737 0.47003058103975537 0.4819571865443425 0.472579001019368 0.4795107033639144 0.4795107033639144 0.482059123343527 0.4964322120285423 0.46809378185524975 0.501834862385321 0.5015290519877675
0.31549439347604485 0.39153924566768605 0.41437308868501527 0.45504587155963305 0.4795107033639144 0.47604485219164117 0.49041794087665647 0.46116207951070337 0.4716615698267074 0.45932721712538227 0.4773700305810398 0.47573904179408766 0.48032619775739044 0.4651376146788991
0.36738022426095823 0.3669724770642202 0.4297655453618756 0.46095820591233433 0.49928644240570846 0.49531090723751275 0.48440366972477067 0.4996941896024465 0.48083588175331293 0.4935779816513762 0.4817533129459735 0.48460754332313966 0.49561671763506626 0.48583078491335374
0.30927624872579 0.38960244648318043 0.41651376146788993 0.4523955147808359 0.4819571865443425 0.4819571865443425 0.4799184505606524 0.46901121304791027 0.48083588175331293 0.47706422018348627 0.48083588175331293 0.48032619775739044 0.47716615698267073 0.4728848114169215
0.3125382262996942 0.36279306829765545 0.42099898063200814 0.47930682976554534 0.47370030581039757 0.47186544342507647 0.46687054026503566 0.47186544342507647 0.46605504587155966 0.4566768603465851 0.46472986748216105 0.47186544342507647 0.4764525993883792 0.4783893985728848
0.3137614678899083 0.36340468909276247 0.42252803261977573 0.4783893985728848 0.4686034658511723 0.4688073394495413 0.46972477064220186 0.4648318042813456 0.47910295616717635 0.4655453618756371 0.4661569826707441 0.4612640163098879 0.46411824668705404 0.4655453618756371
0.3160040774719674 0.363302752293578 0.42283384301732924 0.4563710499490316 0.47900101936799183 0.4698267074413863 0.49041794087665647 0.47910295616717635 0.46839959225280325 0.4695208970438328 0.46870540265035676 0.4560652395514781 0.4505606523955148 0.45586136595310905
0.32466870540265036 0.4037716615698267 0.4303771661569827 0.4594291539245668 0.47726809378185525 0.49215086646279305 0.4768603465851172 0.47115188583078493 0.47696228338430174 0.4923547400611621 0.47706422018348627 0.4805300713557594 0.4746177370030581 0.47115188583078493
0.32089704383282364 0.3994903160040775 0.4286442405708461 0.4823649337410805 0.4828746177370031 0.4713557594291539 0.4744138634046891 0.4712538226299694 0.49031600407747195 0.48154943934760447 0.48297655453618754 0.4930682976554536 0.4823649337410805 0.4792048929663609
0.3204892966360856 0.3962283384301733 0.4279306829765545 0.4785932721712538 0.46422018348623856 0.4746177370030581 0.4963302752293578 0.4740061162079511 0.48970438328236493 0.47145769622833844 0.4783893985728848 0.49531090723751275 0.49500509683995925 0.4740061162079511
0.37013251783893986 0.40642201834862385 0.43302752293577984 0.46320081549439346 0.4817533129459735 0.48338430173292557 0.4838939857288481 0.47879714576962285 0.5134556574923548 0.4868501529051988 0.4960244648318043 0.4761467889908257 0.47726809378185525 0.4979612640163099
0.3160040774719674 0.38470948012232414 0.42201834862385323 0.45066258919469926 0.463710499490316 0.4673802242609582 0.47553516819571867 0.47553516819571867 0.4926605504587156 0.48603465851172273 0.48786952089704383 0.5009174311926605 0.4926605504587156 0.48583078491335374
0.3439347604485219 0.3930682976554536 0.4253822629969419 0.47747196738022424 0.46992864424057085 0.49918450560652394 0.49949031600407745 0.49918450560652394 0.4652395514780836 0.4722731906218145 0.4667686034658512 0.4672782874617737 0.48124362895005096 0.46452599388379207
0.3690112130479103 0.3668705402650357 0.42844036697247706 0.4597349643221203 0.4948012232415902 0.4935779816513762 0.4712538226299694 0.48491335372069316 0.47054026503567786 0.47512742099898064 0.4853211009174312 0.4847094801223242 0.4961264016309888 0.47420998980632006
0.32497451580020387 0.3675840978593272 0.4288481141692151 0.4564729867482161 0.48063200815494395 0.48063200815494395 0.4906218144750255 0.4892966360856269 0.4906218144750255 0.49072375127421 0.4892966360856269 0.4957186544342508 0.48797145769622835 0.4872579001019368
0.31365953109072375 0.3893985728848114 0.42089704383282367 0.4783893985728848 0.47186544342507647 0.4709480122324159 0.4709480122324159 0.46748216106014273 0.4673802242609582 0.48491335372069316 0.4694189602446483 0.46656472986748215 0.48950050968399594 0.4914373088685015
0.3109072375127421 0.3885830784913354 0.41732925586136593 0.481651376146789 0.4910295616717635 0.4836901121304791 0.4868501529051988 0.48990825688073397 0.4749235474006116 0.4709480122324159 0.48032619775739044 0.46442405708460754 0.47573904179408766 0.47757390417940876
0.36585117227319064 0.3949031600407747 0.42262996941896025 0.46819571865443427 0.4890927624872579 0.4686034658511723 0.46452599388379207 0.47553516819571867 0.5017329255861366 0.4649337410805301 0.46462793068297653 0.4792048929663609 0.46472986748216105 0.46462793068297653
0.363302752293578 0.363914373088685 0.42110091743119266 0.46197757390417943 0.4946992864424057 0.48786952089704383 0.4892966360856269 0.4924566768603466 0.490519877675841 0.490519877675841 0.5003058103975535 0.4777777777777778 0.4764525993883792 0.48583078491335374
0.32640163098878694 0.36799184505606525 0.4279306829765545 0.48623853211009177 0.5017329255861366 0.4946992864424057 0.48766564729867484 0.4932721712538226 0.49337410805300713 0.5029561671763506 0.4943934760448522 0.4943934760448522 0.490519877675841 0.48807339449541287
0.3220183486238532 0.3660550458715596 0.42844036697247706 0.45861365953109073 0.482059123343527 0.5037716615698267 0.47879714576962285 0.5066258919469928 0.5021406727828747 0.5009174311926605 0.5057084607543323 0.5156982670744139 0.5116207951070336 0.5056065239551478
