0.23323139653414882 0.22986748216106015 0.4013251783893986 0.4013251783893986 0.4056065239551478 0.4055045871559633 0.4013251783893986 0.4398572884811417 0.4398572884811417 0.4398572884811417 0.507849133537207 0.507849133537207 0.5081549439347605 0.5081549439347605
0.23302752293577983 0.22477064220183487 0.40071355759429156 0.40071355759429156 0.40519877675840976 0.40468909276248727 0.40071355759429156 0.4380224260958206 0.4380224260958206 0.4380224260958206 0.4796126401630989 0.4796126401630989 0.5073394495412844 0.5073394495412844
0.23323139653414882 0.22140672782874618 0.40071355759429156 0.40071355759429156 0.4049949031600408 0.40489296636085625 0.40091743119266054 0.4392456676860347 0.43904179408766564 0.43904179408766564 0.49714576962283386 0.49714576962283386 0.49714576962283386 0.49714576962283386
0.23302752293577983 0.23873598369011212 0.4011213047910296 0.4011213047910296 0.4054026503567788 0.4053007135575943 0.40091743119266054 0.4396534148827727 0.4396534148827727 0.4396534148827727 0.48297655453618754 0.48297655453618754 0.48297655453618754 0.48297655453618754
0.2327217125382263 0.21967380224260957 0.4 0.4 0.40428134556574924 0.4041794087665647 0.4 0.43710499490316 0.4367991845056065 0.43710499490316 0.5057084607543323 0.5057084607543323 0.5057084607543323 0.5057084607543323
0.23282364933741082 0.22456676860346586 0.40071355759429156 0.40071355759429156 0.4049949031600408 0.40489296636085625 0.4005096839959225 0.43914373088685016 0.43944954128440367 0.43904179408766564 0.49215086646279305 0.49215086646279305 0.49215086646279305 0.49215086646279305
0.2329255861365953 0.23679918450560652 0.40122324159021405 0.40101936799184507 0.4053007135575943 0.4050968399592253 0.40091743119266054 0.4395514780835882 0.43934760448521915 0.43934760448521915 0.43934760448521915 0.43944954128440367 0.4392456676860347 0.43914373088685016
0.23149847094801224 0.22793068297655453 0.399592252803262 0.399592252803262 0.4038735983690112 0.4035677879714577 0.4 0.43353720693170233 0.43567787971457694 0.43567787971457694 0.43567787971457694 0.43567787971457694 0.5008154943934761 0.5008154943934761
0.23231396534148827 0.2219164118246687 0.3998980632008155 0.3998980632008155 0.4041794087665647 0.4038735983690112 0.39908256880733944 0.4361875637104995 0.4363914373088685 0.4363914373088685 0.5041794087665648 0.5041794087665648 0.5041794087665648 0.5041794087665648
0.23231396534148827 0.22048929663608563 0.399592252803262 0.399592252803262 0.4041794087665647 0.4032619775739042 0.3980632008154944 0.4345565749235474 0.43537206931702344 0.43537206931702344 0.5011213047910296 0.5011213047910296 0.5011213047910296 0.5011213047910296
0.21569826707441386 0.20672782874617737 0.3510703363914373 0.3510703363914373 0.3595310907237513 0.35524974515800206 0.35331294597349644 0.3854230377166157 0.3854230377166157 0.3852191641182467 0.42966360856269115 0.42966360856269115 0.42966360856269115 0.42966360856269115
0.23282364933741082 0.22823649337410806 0.40091743119266054 0.4011213047910296 0.40519877675840976 0.4047910295616718 0.4005096839959225 0.43710499490316 0.436493374108053 0.43669724770642204 0.5045871559633027 0.5045871559633027 0.5045871559633027 0.5045871559633027
0.23098878695208971 0.21936799184505607 0.39734964322120286 0.39694189602446484 0.4020387359836901 0.4005096839959225 0.3966360856269113 0.43333333333333335 0.4334352701325178 0.43302752293577984 0.4967380224260958 0.4967380224260958 0.4967380224260958 0.4967380224260958
0.2240570846075433 0.21906218144750256 0.39153924566768605 0.39153924566768605 0.39582059123343527 0.3956167176350663 0.3986748216106014 0.4178389398572885 0.426401630988787 0.426401630988787 0.47971457696228337 0.47971457696228337 0.4795107033639144 0.4795107033639144
0.23149847094801224 0.2258919469928644 0.3980632008154944 0.3980632008154944 0.4023445463812436 0.4022426095820591 0.3980632008154944 0.4345565749235474 0.4344546381243629 0.4344546381243629 0.499388379204893 0.499388379204893 0.499388379204893 0.499388379204893
0.23251783893985728 0.23771661569826708 0.3992864424057085 0.3992864424057085 0.4035677879714577 0.4031600407747197 0.39877675840978594 0.4349643221202854 0.4349643221202854 0.43547400611620796 0.5015290519877675 0.5015290519877675 0.5019367991845056 0.5019367991845056
0.22629969418960244 0.22324159021406728 0.3943934760448522 0.3943934760448522 0.3986748216106014 0.39847094801223243 0.3946992864424057 0.4289500509683996 0.4289500509683996 0.4289500509683996 0.47482161060142714 0.47482161060142714 0.4890927624872579 0.4890927624872579
0.2327217125382263 0.23955147808358818 0.400407747196738 0.400407747196738 0.40468909276248727 0.40458715596330275 0.400407747196738 0.43883792048929665 0.4383282364933741 0.4383282364933741 0.49683995922528035 0.49683995922528035 0.49683995922528035 0.49683995922528035
0.23129459734964322 0.22283384301732925 0.39724770642201834 0.39704383282364936 0.40152905198776756 0.40122324159021405 0.39724770642201834 0.4334352701325178 0.4340468909276249 0.4334352701325178 0.4980632008154944 0.4980632008154944 0.4985728848114169 0.4985728848114169
0.2327217125382263 0.22854230377166157 0.400815494393476 0.400815494393476 0.4050968399592253 0.40489296636085625 0.40122324159021405 0.4374108053007136 0.4374108053007136 0.4374108053007136 0.4374108053007136 0.5051987767584097 0.5051987767584097 0.5051987767584097
0.22864424057084606 0.22120285423037717 0.3967380224260958 0.3967380224260958 0.40101936799184507 0.40061162079510704 0.3998980632008155 0.43119266055045874 0.4327217125382263 0.4327217125382263 0.4949031600407747 0.4949031600407747 0.4949031600407747 0.4949031600407747
0.23302752293577983 0.2144750254841998 0.40061162079510704 0.400407747196738 0.40489296636085625 0.40458715596330275 0.400203873598369 0.43751274209989804 0.43751274209989804 0.4377166156982671 0.5041794087665648 0.5041794087665648 0.5041794087665648 0.5041794087665648
0.23190621814475026 0.2365953109072375 0.3980632008154944 0.3980632008154944 0.40254841997961266 0.4022426095820591 0.39785932721712536 0.4345565749235474 0.43425076452599387 0.43425076452599387 0.4979612640163099 0.4979612640163099 0.4979612640163099 0.4979612640163099
0.23180428134556574 0.2382262996941896 0.3994903160040775 0.39908256880733944 0.40336391437308866 0.40275229357798165 0.3994903160040775 0.43537206931702344 0.43486238532110094 0.43486238532110094 0.5014271151885831 0.5014271151885831 0.5014271151885831 0.5014271151885831
0.23200815494393476 0.21600407747196737 0.39908256880733944 0.39908256880733944 0.40336391437308866 0.4032619775739042 0.3989806320081549 0.3989806320081549 0.43577981651376146 0.43577981651376146 0.43577981651376146 0.43577981651376146 0.5037716615698267 0.435881753312946
0.23251783893985728 0.23924566768603467 0.400407747196738 0.400203873598369 0.40468909276248727 0.4041794087665647 0.39969418960244646 0.436493374108053 0.4363914373088685 0.4363914373088685 0.49867482161060145 0.49867482161060145 0.49867482161060145 0.49867482161060145
0.227217125382263 0.22487257900101937 0.3937818552497452 0.3937818552497452 0.3986748216106014 0.3964322120285423 0.3908256880733945 0.42813455657492355 0.4277268093781855 0.4277268093781855 0.4892966360856269 0.4892966360856269 0.4892966360856269 0.4892966360856269
0.22935779816513763 0.21467889908256882 0.39734964322120286 0.39734964322120286 0.4017329255861366 0.4014271151885831 0.3974515800203874 0.4329255861365953 0.4334352701325178 0.4334352701325178 0.4957186544342508 0.4957186544342508 0.4957186544342508 0.4957186544342508
0.23211009174311928 0.23893985728848113 0.399592252803262 0.39938837920489295 0.4036697247706422 0.4035677879714577 0.3994903160040775 0.436493374108053 0.43751274209989804 0.43669724770642204 0.49031600407747195 0.49031600407747195 0.4908256880733945 0.490927624872579
0.2203873598369011 0.2253822629969419 0.3872579001019368 0.3872579001019368 0.39174311926605504 0.3910295616717635 0.39571865443425075 0.40703363914373086 0.40703363914373086 0.42171253822629967 0.47013251783893983 0.47013251783893983 0.47013251783893983 0.47013251783893983
