0.5138634046890928 0.5058103975535169 0.509887869520897 0.5343527013251784 0.5574923547400612 0.5596330275229358 0.5665647298674822 0.5668705402650357 0.5559633027522936 0.5663608562691131 0.565341488277268 0.5711518858307849 0.5399592252803262 0.5405708460754333
0.5194699286442406 0.5203873598369011 0.5226299694189602 0.5209989806320081 0.5479102956167177 0.5418960244648318 0.5566768603465851 0.5307849133537207 0.5383282364933741 0.5410805300713558 0.5389398572884812 0.5407747196738022 0.5458715596330275 0.5477064220183486
0.5121304791029562 0.5236493374108053 0.5281345565749236 0.53710499490316 0.5612640163098879 0.5659531090723752 0.581243628950051 0.580632008154944 0.5839959225280327 0.5813455657492355 0.5867482161060142 0.5843017329255862 0.582466870540265 0.5867482161060142
0.4998980632008155 0.5114169215086646 0.5199796126401631 0.50927624872579 0.5321100917431193 0.5425076452599389 0.5598369011213048 0.5443425076452599 0.554434250764526 0.544750254841998 0.5592252803261978 0.5671763506625892 0.5568807339449541 0.5553516819571865
0.5095820591233435 0.5153924566768604 0.526197757390418 0.5418960244648318 0.5650356778797145 0.5755351681957187 0.5895005096839959 0.5765545361875637 0.5780835881753313 0.5756371049949032 0.5762487257900102 0.5912334352701325 0.5697247706422018 0.5819571865443425
0.527420998980632 0.5116207951070336 0.5448521916411825 0.5427115188583078 0.5499490316004078 0.5605504587155963 0.5802242609582059 0.5803261977573905 0.5774719673802242 0.5765545361875637 0.5797145769622833 0.5799184505606524 0.5755351681957187 0.5862385321100917
0.5330275229357798 0.5349643221202854 0.5382262996941896 0.5460754332313965 0.5650356778797145 0.5676860346585118 0.5638124362895005 0.5596330275229358 0.5703363914373089 0.5643221202854231 0.5642201834862385 0.5487257900101937 0.5754332313965341 0.5624872579001019
0.509683995922528 0.5192660550458715 0.5182466870540265 0.5321100917431193 0.53710499490316 0.5557594291539245 0.5583078491335373 0.5668705402650357 0.5685015290519878 0.5617737003058104 0.5668705402650357 0.5640163098878695 0.5695208970438328 0.5745158002038736
0.5172273190621814 0.5317023445463812 0.5306829765545362 0.5513761467889908 0.5520897043832824 0.5697247706422018 0.5782874617737003 0.5732925586136596 0.5795107033639144 0.5610601427115188 0.563506625891947 0.5626911314984709 0.580632008154944 0.5760448521916411
0.5247706422018349 0.5303771661569827 0.5235474006116208 0.5400611620795107 0.5496432212028542 0.5645259938837921 0.564118246687054 0.5717635066258919 0.5688073394495413 0.5685015290519878 0.5700305810397553 0.5619775739041795 0.5686034658511723 0.5710499490316004
