0.5151885830784914 0.5169215086646279 0.5224260958205912 0.5244648318042814 0.5271151885830785 0.5312945973496432 0.5295616717635067 0.527217125382263 0.5273190621814475 0.5380224260958206 0.536493374108053 0.5412844036697247 0.5430173292558613 0.5493374108053007
0.4980632008154944 0.49704383282364933 0.4972477064220184 0.5054026503567788 0.5067278287461774 0.5112130479102956 0.5150866462793068 0.5144750254841998 0.5143730886850153 0.5235474006116208 0.5250764525993884 0.5253822629969419 0.5291539245667686 0.5313965341488277
0.526809378185525 0.5249745158002038 0.5278287461773701 0.5258919469928645 0.5323139653414882 0.5303771661569827 0.5297655453618756 0.5327217125382263 0.5331294597349643 0.536697247706422 0.5382262996941896 0.5400611620795107 0.5420998980632008 0.5427115188583078
0.5064220183486239 0.5129459734964322 0.5139653414882772 0.5142711518858308 0.5159021406727828 0.5161060142711519 0.5215086646279307 0.5230377166156983 0.5243628950050968 0.5284403669724771 0.5253822629969419 0.5320081549439347 0.537920489296636 0.5404689092762487
0.49683995922528035 0.5009174311926605 0.5030581039755352 0.5017329255861366 0.5026503567787971 0.5075433231396534 0.5091743119266054 0.5109072375127421 0.5095820591233435 0.5174311926605505 0.5216106014271152 0.5248725790010194 0.5349643221202854 0.5391437308868502
0.5057084607543323 0.5100917431192661 0.508664627930683 0.5132517838939857 0.5094801223241591 0.5158002038735984 0.5184505606523955 0.5194699286442406 0.5198776758409785 0.5198776758409785 0.5193679918450561 0.5224260958205912 0.5309887869520897 0.5309887869520897
0.4987767584097859 0.4962283384301733 0.501834862385321 0.5082568807339449 0.5081549439347605 0.5132517838939857 0.5166156982670744 0.5178389398572885 0.5239551478083588 0.5237512742099898 0.5284403669724771 0.535270132517839 0.5381243628950051 0.5396534148827726
0.500407747196738 0.5027522935779817 0.5112130479102956 0.5124362895005097 0.517125382262997 0.5118246687054027 0.5159021406727828 0.5194699286442406 0.5194699286442406 0.5254841997961264 0.5287461773700306 0.5278287461773701 0.5316004077471967 0.5374108053007136
0.5011213047910296 0.4975535168195719 0.5043832823649338 0.5093781855249745 0.5191641182466871 0.5209989806320081 0.5220183486238532 0.5252803261977574 0.527013251783894 0.5318042813455658 0.5333333333333333 0.5324159021406728 0.535270132517839 0.5385321100917431
0.4990825688073395 0.5065239551478083 0.5127420998980632 0.5104994903160041 0.5136595310907237 0.5178389398572885 0.5267074413863405 0.5244648318042814 0.5249745158002038 0.528032619775739 0.5277268093781855 0.5297655453618756 0.5346585117227319 0.5375127420998981
