0.5370030581039755 0.5334352701325178 0.5234454638124363 0.5166156982670744 0.5106014271151886 0.5045871559633027 0.5139653414882772 0.5073394495412844 0.5109072375127421 0.5112130479102956 0.508053007135576 0.5030581039755352 0.5022426095820591 0.4981651376146789
0.5281345565749236 0.5152905198776758 0.5232415902140672 0.5173292558613659 0.5081549439347605 0.526197757390418 0.5153924566768604 0.5150866462793068 0.5024464831804282 0.518756371049949 0.5150866462793068 0.5112130479102956 0.5122324159021406 0.5049949031600408
0.5289500509683996 0.5223241590214067 0.5284403669724771 0.508664627930683 0.5103975535168196 0.508664627930683 0.518348623853211 0.5313965341488277 0.5110091743119266 0.5155963302752293 0.5034658511722732 0.5170234454638124 0.517125382262997 0.5155963302752293
0.5287461773700306 0.5405708460754333 0.5317023445463812 0.5389398572884812 0.5412844036697247 0.5372069317023446 0.525586136595311 0.5325178389398573 0.5316004077471967 0.5359836901121304 0.5343527013251784 0.5319062181447503 0.5318042813455658 0.5211009174311927
0.5338430173292559 0.5126401630988787 0.5116207951070336 0.517125382262997 0.5339449541284403 0.5184505606523955 0.5271151885830785 0.5191641182466871 0.5235474006116208 0.5333333333333333 0.5267074413863405 0.5201834862385321 0.5248725790010194 0.5207951070336392
0.5266055045871559 0.5284403669724771 0.5147808358817533 0.5151885830784914 0.5120285423037717 0.507849133537207 0.5161060142711519 0.5146788990825688 0.5089704383282365 0.5198776758409785 0.5050968399592253 0.518960244648318 0.508664627930683 0.50927624872579
0.5361875637104995 0.5281345565749236 0.5211009174311927 0.5182466870540265 0.5066258919469928 0.5079510703363914 0.5144750254841998 0.5088685015290519 0.5156982670744139 0.5136595310907237 0.5133537206931702 0.5159021406727828 0.5138634046890928 0.5117227319062182
0.5349643221202854 0.5297655453618756 0.5176350662589194 0.5234454638124363 0.5206931702344546 0.5302752293577981 0.5323139653414882 0.5302752293577981 0.5218144750254842 0.527420998980632 0.5311926605504587 0.5200815494393476 0.5169215086646279 0.5112130479102956
0.5350662589194699 0.5186544342507645 0.5045871559633027 0.5066258919469928 0.4982670744138634 0.5041794087665648 0.5081549439347605 0.49531090723751275 0.5038735983690112 0.5003058103975535 0.5028542303771661 0.5062181447502548 0.5044852191641183 0.500407747196738
0.527420998980632 0.5301732925586137 0.5214067278287462 0.5249745158002038 0.5085626911314984 0.5180428134556575 0.5088685015290519 0.5174311926605505 0.5140672782874618 0.5156982670744139 0.509072375127421 0.5167176350662589 0.517940876656473 0.5250764525993884
0.5341488277268094 0.5258919469928645 0.537920489296636 0.5044852191641183 0.5222222222222223 0.5228338430173293 0.5199796126401631 0.5227319062181448 0.5113149847094801 0.5265035677879715 0.5211009174311927 0.5227319062181448 0.5133537206931702 0.5166156982670744
0.5291539245667686 0.5253822629969419 0.5260958205912334 0.5158002038735984 0.5095820591233435 0.5108053007135576 0.517125382262997 0.5097859327217126 0.518756371049949 0.5162079510703363 0.5202854230377166 0.5206931702344546 0.5169215086646279 0.5147808358817533
0.5298674821610602 0.5322120285423038 0.5226299694189602 0.5070336391437309 0.5151885830784914 0.5241590214067279 0.517737003058104 0.5153924566768604 0.5163098878695209 0.5100917431192661 0.510295616717635 0.5174311926605505 0.5079510703363914 0.517533129459735
0.5472986748216107 0.5278287461773701 0.5106014271151886 0.5091743119266054 0.5021406727828747 0.509683995922528 0.5148827726809379 0.5148827726809379 0.5273190621814475 0.5151885830784914 0.5202854230377166 0.5066258919469928 0.5036697247706422 0.508664627930683
0.5301732925586137 0.5141692150866463 0.5133537206931702 0.510295616717635 0.500611620795107 0.5107033639143731 0.5107033639143731 0.5040774719673802 0.510295616717635 0.510295616717635 0.510295616717635 0.5058103975535169 0.5016309887869521 0.5027522935779817
0.527420998980632 0.5299694189602446 0.5204892966360857 0.5389398572884812 0.5168195718654435 0.535270132517839 0.5349643221202854 0.5057084607543323 0.5198776758409785 0.5152905198776758 0.5117227319062182 0.5193679918450561 0.5060142711518858 0.5048929663608562
0.53710499490316 0.5327217125382263 0.510295616717635 0.5220183486238532 0.5057084607543323 0.49928644240570846 0.5047910295616718 0.510295616717635 0.5081549439347605 0.5075433231396534 0.4980632008154944 0.5131498470948013 0.4987767584097859 0.49928644240570846
0.537308868501529 0.5399592252803262 0.5324159021406728 0.5122324159021406 0.5050968399592253 0.5036697247706422 0.5109072375127421 0.5053007135575943 0.5088685015290519 0.5047910295616718 0.5009174311926605 0.5050968399592253 0.5028542303771661 0.517737003058104
0.5443425076452599 0.5369011213047911 0.5246687054026503 0.5147808358817533 0.5184505606523955 0.5168195718654435 0.5100917431192661 0.5053007135575943 0.5077471967380224 0.5079510703363914 0.5138634046890928 0.5072375127420999 0.509887869520897 0.510295616717635
0.5182466870540265 0.5208970438328236 0.519571865443425 0.5111111111111111 0.5166156982670744 0.5297655453618756 0.527420998980632 0.527420998980632 0.5193679918450561 0.5116207951070336 0.5116207951070336 0.5198776758409785 0.5200815494393476 0.5173292558613659
