0.6739041794087666 0.6333333333333333 0.571355759429154 0.5212028542303772 0.5504587155963303 0.5220183486238532 0.5151885830784914 0.5159021406727828 0.5075433231396534 0.5045871559633027 0.5160040774719674 0.5167176350662589 0.5392456676860347 0.4965341488277268
0.6762487257900102 0.6004077471967381 0.5728848114169215 0.5199796126401631 0.525586136595311 0.5396534148827726 0.5334352701325178 0.5051987767584097 0.518348623853211 0.49734964322120284 0.49734964322120284 0.5022426095820591 0.5013251783893986 0.4978593272171254
0.636085626911315 0.6051987767584098 0.5801223241590214 0.5271151885830785 0.5076452599388379 0.5091743119266054 0.5126401630988787 0.5138634046890928 0.5124362895005097 0.5161060142711519 0.5133537206931702 0.5112130479102956 0.5174311926605505 0.5145769622833843
0.6754332313965341 0.5962283384301733 0.5681957186544343 0.5131498470948013 0.5204892966360857 0.5249745158002038 0.5011213047910296 0.5013251783893986 0.5038735983690112 0.5038735983690112 0.5176350662589194 0.5033639143730887 0.5057084607543323 0.5220183486238532
0.6734964322120286 0.6311926605504588 0.5677879714576962 0.5142711518858308 0.5199796126401631 0.518144750254842 0.5020387359836901 0.4984709480122324 0.5011213047910296 0.5045871559633027 0.4984709480122324 0.49928644240570846 0.5113149847094801 0.4923547400611621
0.6346585117227319 0.5997961264016309 0.5766564729867483 0.5176350662589194 0.5076452599388379 0.5167176350662589 0.5150866462793068 0.5153924566768604 0.5150866462793068 0.5114169215086646 0.5076452599388379 0.5150866462793068 0.5147808358817533 0.5132517838939857
0.6791029561671763 0.599592252803262 0.5718654434250765 0.5234454638124363 0.5410805300713558 0.527217125382263 0.5234454638124363 0.5244648318042814 0.5218144750254842 0.5262996941896024 0.5382262996941896 0.5196738022426096 0.5275229357798165 0.5237512742099898
0.6326197757390418 0.5998980632008155 0.573802242609582 0.5436289500509685 0.5336391437308868 0.5267074413863405 0.5291539245667686 0.5265035677879715 0.5239551478083588 0.5351681957186545 0.5260958205912334 0.5287461773700306 0.5253822629969419 0.5336391437308868
0.6317023445463812 0.5994903160040774 0.5744138634046891 0.5158002038735984 0.5284403669724771 0.5241590214067279 0.5095820591233435 0.5240570846075433 0.5029561671763506 0.5277268093781855 0.5154943934760449 0.5030581039755352 0.5328236493374108 0.5104994903160041
0.6791029561671763 0.6342507645259939 0.5716615698267075 0.5211009174311927 0.5299694189602446 0.5180428134556575 0.527420998980632 0.5204892966360857 0.5204892966360857 0.517940876656473 0.5035677879714577 0.5319062181447503 0.4981651376146789 0.4984709480122324
0.6845056065239552 0.608460754332314 0.5856269113149847 0.544954128440367 0.5204892966360857 0.5239551478083588 0.5095820591233435 0.5388379204892967 0.5283384301732925 0.5406727828746177 0.5226299694189602 0.5242609582059123 0.5196738022426096 0.5348623853211009
0.6326197757390418 0.6330275229357798 0.5702344546381244 0.5390417940876656 0.5007135575942916 0.5046890927624873 0.5155963302752293 0.5003058103975535 0.5191641182466871 0.5064220183486239 0.5182466870540265 0.5153924566768604 0.5043832823649338 0.5141692150866463
0.69072375127421 0.6103975535168196 0.5834862385321101 0.5476044852191642 0.5180428134556575 0.5180428134556575 0.5200815494393476 0.5309887869520897 0.5191641182466871 0.5229357798165137 0.5191641182466871 0.5196738022426096 0.5228338430173293 0.5271151885830785
0.6874617737003058 0.6372069317023445 0.5790010193679919 0.5206931702344546 0.5262996941896024 0.5281345565749236 0.5331294597349643 0.5281345565749236 0.5339449541284403 0.5433231396534148 0.535270132517839 0.5281345565749236 0.5235474006116208 0.5216106014271152
0.6862385321100918 0.6365953109072375 0.5774719673802242 0.5216106014271152 0.5313965341488277 0.5311926605504587 0.5302752293577981 0.5351681957186545 0.5208970438328236 0.5344546381243629 0.5338430173292559 0.5387359836901121 0.535881753312946 0.5344546381243629
0.6839959225280327 0.636697247706422 0.5771661569826707 0.5436289500509685 0.5209989806320081 0.5301732925586137 0.5095820591233435 0.5208970438328236 0.5316004077471967 0.5304791029561672 0.5312945973496432 0.543934760448522 0.5494393476044852 0.5441386340468909
0.6753312945973496 0.5962283384301733 0.5696228338430174 0.5405708460754333 0.5227319062181448 0.507849133537207 0.5231396534148828 0.5288481141692151 0.5230377166156983 0.5076452599388379 0.5229357798165137 0.5194699286442406 0.5253822629969419 0.5288481141692151
0.6791029561671763 0.6005096839959225 0.571355759429154 0.5176350662589194 0.517125382262997 0.528644240570846 0.525586136595311 0.5287461773700306 0.509683995922528 0.5184505606523955 0.5170234454638124 0.5069317023445464 0.5176350662589194 0.5207951070336392
0.6795107033639144 0.6037716615698268 0.5720693170234454 0.5214067278287462 0.5357798165137615 0.5253822629969419 0.5036697247706422 0.5259938837920489 0.510295616717635 0.5285423037716616 0.5216106014271152 0.5046890927624873 0.5049949031600408 0.5259938837920489
0.6298674821610601 0.5935779816513761 0.5669724770642202 0.5367991845056065 0.5182466870540265 0.5166156982670744 0.5161060142711519 0.5212028542303772 0.4865443425076453 0.5131498470948013 0.5039755351681957 0.5238532110091743 0.5227319062181448 0.5020387359836901
0.6839959225280327 0.6152905198776758 0.5779816513761468 0.5493374108053007 0.536289500509684 0.5326197757390418 0.5244648318042814 0.5244648318042814 0.5073394495412844 0.5139653414882772 0.5121304791029562 0.4990825688073395 0.5073394495412844 0.5141692150866463
0.6560652395514781 0.6069317023445464 0.5746177370030581 0.5225280326197758 0.5300713557594292 0.5008154943934761 0.5005096839959225 0.5008154943934761 0.5347604485219164 0.5277268093781855 0.5332313965341489 0.5327217125382263 0.518756371049949 0.535474006116208
0.6309887869520897 0.6331294597349644 0.5715596330275229 0.5402650356778798 0.5051987767584097 0.5064220183486239 0.5287461773700306 0.5150866462793068 0.5294597349643221 0.5248725790010194 0.5146788990825688 0.5152905198776758 0.5038735983690112 0.5257900101936799
0.6750254841997961 0.6324159021406728 0.5711518858307849 0.5435270132517839 0.5193679918450561 0.5193679918450561 0.5093781855249745 0.5107033639143731 0.5093781855249745 0.50927624872579 0.5107033639143731 0.5042813455657492 0.5120285423037717 0.5127420998980632
0.6863404689092762 0.6106014271151886 0.5791029561671763 0.5216106014271152 0.5281345565749236 0.5290519877675841 0.5290519877675841 0.5325178389398573 0.5326197757390418 0.5150866462793068 0.5305810397553516 0.5334352701325178 0.5104994903160041 0.5085626911314984
0.6890927624872579 0.6114169215086647 0.5826707441386341 0.518348623853211 0.5089704383282365 0.5163098878695209 0.5131498470948013 0.5100917431192661 0.5250764525993884 0.5290519877675841 0.5196738022426096 0.5355759429153925 0.5242609582059123 0.5224260958205912
0.6341488277268094 0.6050968399592253 0.5773700305810398 0.5318042813455658 0.5109072375127421 0.5313965341488277 0.535474006116208 0.5244648318042814 0.4982670744138634 0.5350662589194699 0.5353720693170234 0.5207951070336392 0.535270132517839 0.5353720693170234
0.636697247706422 0.636085626911315 0.5788990825688073 0.5380224260958206 0.5053007135575943 0.5121304791029562 0.5107033639143731 0.5075433231396534 0.5094801223241591 0.5094801223241591 0.4996941896024465 0.5222222222222223 0.5235474006116208 0.5141692150866463
0.6735983690112131 0.6320081549439348 0.5720693170234454 0.5137614678899083 0.4982670744138634 0.5053007135575943 0.5123343527013252 0.5067278287461774 0.5066258919469928 0.49704383282364933 0.5056065239551478 0.5056065239551478 0.5094801223241591 0.5119266055045871
0.6779816513761467 0.6339449541284403 0.5715596330275229 0.5413863404689093 0.517940876656473 0.4962283384301733 0.5212028542303772 0.49337410805300713 0.4978593272171254 0.4990825688073395 0.4942915392456677 0.48430173292558615 0.4883792048929664 0.4943934760448522
