0.48613659531090725 0.4941896024464832 0.49011213047910296 0.46564729867482163 0.44250764525993885 0.44036697247706424 0.4334352701325178 0.4331294597349643 0.44403669724770645 0.43363914373088686 0.4346585117227319 0.4288481141692151 0.4600407747196738 0.4594291539245668
0.4805300713557594 0.4796126401630989 0.4773700305810398 0.47900101936799183 0.4520897043832824 0.4581039755351682 0.4433231396534149 0.4692150866462793 0.46167176350662587 0.45891946992864424 0.46106014271151885 0.45922528032619775 0.4541284403669725 0.4522935779816514
0.48786952089704383 0.4763506625891947 0.47186544342507647 0.46289500509683995 0.43873598369011213 0.4340468909276249 0.418756371049949 0.4193679918450561 0.4160040774719674 0.41865443425076454 0.4132517838939857 0.4156982670744139 0.417533129459735 0.4132517838939857
0.5001019367991845 0.48858307849133537 0.4800203873598369 0.49072375127421 0.46788990825688076 0.45749235474006117 0.4401630988786952 0.45565749235474007 0.445565749235474 0.45524974515800204 0.4407747196738022 0.4328236493374108 0.44311926605504587 0.44464831804281346
0.49041794087665647 0.48460754332313966 0.47380224260958204 0.4581039755351682 0.4349643221202854 0.42446483180428135 0.4104994903160041 0.4234454638124363 0.4219164118246687 0.42436289500509683 0.4237512742099898 0.4087665647298675 0.43027522935779816 0.41804281345565747
0.472579001019368 0.4883792048929664 0.4551478083588175 0.4572884811416921 0.45005096839959224 0.43944954128440367 0.4197757390417941 0.4196738022426096 0.42252803261977573 0.4234454638124363 0.4202854230377166 0.4200815494393476 0.42446483180428135 0.41376146788990825
0.4669724770642202 0.46503567787971456 0.4617737003058104 0.4539245667686035 0.4349643221202854 0.4323139653414883 0.4361875637104995 0.44036697247706424 0.42966360856269115 0.43567787971457694 0.43577981651376146 0.45127420998980633 0.42456676860346587 0.43751274209989804
0.49031600407747195 0.48073394495412847 0.4817533129459735 0.46788990825688076 0.46289500509683995 0.44424057084607543 0.4416921508664628 0.4331294597349643 0.43149847094801225 0.4382262996941896 0.4331294597349643 0.4359836901121305 0.4304791029561672 0.4254841997961264
0.48277268093781855 0.46829765545361873 0.46931702344546383 0.44862385321100917 0.44791029561671764 0.43027522935779816 0.42171253822629967 0.4267074413863405 0.42048929663608564 0.4389398572884811 0.436493374108053 0.43730886850152906 0.4193679918450561 0.4239551478083588
0.47522935779816516 0.46962283384301734 0.4764525993883792 0.4599388379204893 0.45035677879714575 0.43547400611620796 0.435881753312946 0.4282364933741081 0.43119266055045874 0.43149847094801225 0.42996941896024465 0.4380224260958206 0.4313965341488277 0.4289500509683996
