0.48481141692150864 0.48307849133537206 0.47757390417940876 0.47553516819571867 0.4728848114169215 0.46870540265035676 0.4704383282364934 0.472782874617737 0.47268093781855247 0.46197757390417943 0.46350662589194697 0.45871559633027525 0.4569826707441386 0.45066258919469926
0.5019367991845056 0.5029561671763506 0.5027522935779817 0.4945973496432212 0.4932721712538226 0.4887869520897044 0.48491335372069316 0.4855249745158002 0.4856269113149847 0.4764525993883792 0.4749235474006116 0.4746177370030581 0.47084607543323137 0.4686034658511723
0.473190621814475 0.4750254841997961 0.47217125382263 0.4741080530071356 0.4676860346585117 0.46962283384301734 0.47023445463812436 0.4672782874617737 0.46687054026503566 0.463302752293578 0.4617737003058104 0.4599388379204893 0.4579001019367992 0.4572884811416921
0.4935779816513762 0.48705402650356777 0.48603465851172273 0.4857288481141692 0.4840978593272171 0.4838939857288481 0.47849133537206934 0.47696228338430174 0.47563710499490314 0.47155963302752296 0.4746177370030581 0.4679918450560652 0.4620795107033639 0.45953109072375126
0.5031600407747197 0.4990825688073395 0.4969418960244648 0.4982670744138634 0.49734964322120284 0.4924566768603466 0.4908256880733945 0.4890927624872579 0.49041794087665647 0.48256880733944957 0.4783893985728848 0.47512742099898064 0.46503567787971456 0.46085626911314986
0.4942915392456677 0.48990825688073397 0.49133537206931704 0.48674821610601426 0.490519877675841 0.4841997961264016 0.48154943934760447 0.4805300713557594 0.4801223241590214 0.4801223241590214 0.48063200815494395 0.47757390417940876 0.46901121304791027 0.46901121304791027
0.501223241590214 0.5037716615698267 0.4981651376146789 0.4917431192660551 0.49184505606523954 0.48674821610601426 0.48338430173292557 0.48216106014271154 0.47604485219164117 0.4762487257900102 0.47155963302752296 0.46472986748216105 0.4618756371049949 0.4603465851172273
0.49959225280326197 0.4972477064220184 0.4887869520897044 0.4875637104994903 0.4828746177370031 0.48817533129459734 0.4840978593272171 0.4805300713557594 0.4805300713557594 0.4745158002038736 0.4712538226299694 0.47217125382263 0.46839959225280325 0.46258919469928644
0.49887869520897044 0.5024464831804282 0.49561671763506626 0.4906218144750255 0.48083588175331293 0.47900101936799183 0.4779816513761468 0.4747196738022426 0.47298674821610603 0.46819571865443427 0.4666666666666667 0.4675840978593272 0.46472986748216105 0.4614678899082569
0.5009174311926605 0.49347604485219165 0.4872579001019368 0.48950050968399594 0.48634046890927624 0.48216106014271154 0.47329255861365954 0.47553516819571867 0.4750254841997961 0.47196738022426094 0.4722731906218145 0.47023445463812436 0.46534148827726807 0.4624872579001019
