0.46299694189602447 0.46656472986748215 0.4765545361875637 0.48338430173292557 0.4893985728848114 0.4954128440366973 0.48603465851172273 0.4926605504587156 0.4890927624872579 0.4887869520897044 0.49194699286442406 0.4969418960244648 0.49775739041794087 0.501834862385321
0.47186544342507647 0.4847094801223242 0.4767584097859327 0.48267074413863403 0.49184505606523954 0.47380224260958204 0.48460754332313966 0.48491335372069316 0.4975535168195719 0.48124362895005096 0.48491335372069316 0.4887869520897044 0.4877675840978593 0.49500509683995925
0.4710499490316004 0.4776758409785933 0.47155963302752296 0.49133537206931704 0.4896024464831804 0.49133537206931704 0.481651376146789 0.4686034658511723 0.4889908256880734 0.48440366972477067 0.4965341488277268 0.48297655453618754 0.4828746177370031 0.48440366972477067
0.4712538226299694 0.4594291539245668 0.46829765545361873 0.46106014271151885 0.45871559633027525 0.46279306829765543 0.4744138634046891 0.46748216106014273 0.46839959225280325 0.4640163098878695 0.46564729867482163 0.46809378185524975 0.46819571865443427 0.47889908256880737
0.4661569826707441 0.4873598369011213 0.4883792048929664 0.4828746177370031 0.46605504587155966 0.48154943934760447 0.4728848114169215 0.48083588175331293 0.4764525993883792 0.4666666666666667 0.47329255861365954 0.4798165137614679 0.47512742099898064 0.4792048929663609
0.47339449541284406 0.47155963302752296 0.48521916411824667 0.48481141692150864 0.48797145769622835 0.49215086646279305 0.4838939857288481 0.4853211009174312 0.4910295616717635 0.4801223241590214 0.4949031600407747 0.481039755351682 0.49133537206931704 0.49072375127421
0.46381243628950053 0.47186544342507647 0.47889908256880737 0.4817533129459735 0.49337410805300713 0.4920489296636086 0.4855249745158002 0.491131498470948 0.48430173292558615 0.48634046890927624 0.48664627930682974 0.4840978593272171 0.48613659531090725 0.48827726809378186
0.46503567787971456 0.47023445463812436 0.4823649337410805 0.4765545361875637 0.47930682976554534 0.46972477064220186 0.4676860346585117 0.46972477064220186 0.4781855249745158 0.472579001019368 0.4688073394495413 0.4799184505606524 0.48307849133537206 0.4887869520897044
0.4649337410805301 0.4813455657492355 0.4954128440366973 0.49337410805300713 0.5017329255861366 0.49582059123343525 0.49184505606523954 0.5046890927624873 0.4961264016309888 0.4996941896024465 0.49714576962283386 0.49378185524974516 0.49551478083588174 0.49959225280326197
0.472579001019368 0.4698267074413863 0.4785932721712538 0.4750254841997961 0.4914373088685015 0.4819571865443425 0.491131498470948 0.48256880733944957 0.4859327217125382 0.48430173292558615 0.490927624872579 0.4832823649337411 0.482059123343527 0.4749235474006116
0.4658511722731906 0.4741080530071356 0.4620795107033639 0.49551478083588174 0.4777777777777778 0.47716615698267073 0.4800203873598369 0.47726809378185525 0.4886850152905199 0.47349643221202853 0.47889908256880737 0.47726809378185525 0.48664627930682974 0.48338430173292557
0.47084607543323137 0.4746177370030581 0.47390417940876656 0.4841997961264016 0.49041794087665647 0.4891946992864424 0.4828746177370031 0.4902140672782875 0.48124362895005096 0.4837920489296636 0.47971457696228337 0.47930682976554534 0.48307849133537206 0.48521916411824667
0.47013251783893983 0.46778797145769624 0.4773700305810398 0.4929663608562691 0.48481141692150864 0.4758409785932722 0.482262996941896 0.48460754332313966 0.4836901121304791 0.48990825688073397 0.48970438328236493 0.48256880733944957 0.4920489296636086 0.48246687054026505
0.4527013251783894 0.47217125382263 0.4893985728848114 0.4908256880733945 0.4978593272171254 0.49031600407747195 0.4851172273190622 0.4851172273190622 0.47268093781855247 0.48481141692150864 0.47971457696228337 0.49337410805300713 0.4963302752293578 0.49133537206931704
0.4698267074413863 0.48583078491335374 0.48664627930682974 0.48970438328236493 0.499388379204893 0.4892966360856269 0.4892966360856269 0.49592252803261977 0.48970438328236493 0.48970438328236493 0.48970438328236493 0.4941896024464832 0.4983690112130479 0.4972477064220184
0.472579001019368 0.47003058103975537 0.4795107033639144 0.46106014271151885 0.4831804281345566 0.46472986748216105 0.46503567787971456 0.4942915392456677 0.4801223241590214 0.4847094801223242 0.48827726809378186 0.48063200815494395 0.49398572884811415 0.4951070336391437
0.46289500509683995 0.4672782874617737 0.48970438328236493 0.4779816513761468 0.4942915392456677 0.5007135575942916 0.49520897043832823 0.48970438328236493 0.49184505606523954 0.4924566768603466 0.5019367991845056 0.4868501529051988 0.501223241590214 0.5007135575942916
0.46269113149847096 0.4600407747196738 0.4675840978593272 0.4877675840978593 0.4949031600407747 0.4963302752293578 0.4890927624872579 0.4946992864424057 0.491131498470948 0.49520897043832823 0.4990825688073395 0.4949031600407747 0.49714576962283386 0.482262996941896
0.45565749235474007 0.463098878695209 0.47533129459734963 0.48521916411824667 0.48154943934760447 0.4831804281345566 0.48990825688073397 0.4946992864424057 0.49225280326197757 0.4920489296636086 0.48613659531090725 0.4927624872579001 0.49011213047910296 0.48970438328236493
0.4817533129459735 0.47910295616717635 0.4804281345565749 0.4888888888888889 0.48338430173292557 0.47023445463812436 0.472579001019368 0.472579001019368 0.48063200815494395 0.4883792048929664 0.4883792048929664 0.4801223241590214 0.4799184505606524 0.48267074413863403
