0.5048929663608562 0.5033639143730887 0.5068297655453619 0.5136595310907237 0.5139653414882772 0.5213047910295616 0.527217125382263 0.5291539245667686 0.5302752293577981 0.5351681957186545 0.5324159021406728 0.5385321100917431 0.5427115188583078 0.5432212028542304
0.5147808358817533 0.5119266055045871 0.5164118246687054 0.5208970438328236 0.5197757390417941 0.5243628950050968 0.5266055045871559 0.5237512742099898 0.5269113149847094 0.5313965341488277 0.5334352701325178 0.5339449541284403 0.5420998980632008 0.5431192660550459
0.5064220183486239 0.5166156982670744 0.5165137614678899 0.5203873598369011 0.5256880733944954 0.5222222222222223 0.5244648318042814 0.5247706422018349 0.5253822629969419 0.5273190621814475 0.5275229357798165 0.5340468909276249 0.5376146788990825 0.5427115188583078
0.5115188583078492 0.5139653414882772 0.5167176350662589 0.5170234454638124 0.5163098878695209 0.5240570846075433 0.5310907237512742 0.5319062181447503 0.5308868501529052 0.536289500509684 0.535881753312946 0.5396534148827726 0.5422018348623853 0.5435270132517839
0.48950050968399594 0.4869520897043833 0.4868501529051988 0.4891946992864424 0.49867482161060145 0.5031600407747197 0.50927624872579 0.5126401630988787 0.5094801223241591 0.5152905198776758 0.5137614678899083 0.518960244648318 0.5281345565749236 0.5288481141692151
0.4965341488277268 0.5 0.5032619775739042 0.5064220183486239 0.5127420998980632 0.5173292558613659 0.5250764525993884 0.5237512742099898 0.525586136595311 0.5296636085626911 0.5293577981651376 0.5301732925586137 0.5418960244648318 0.5468909276248726
0.5055045871559632 0.5140672782874618 0.5131498470948013 0.5152905198776758 0.5178389398572885 0.5228338430173293 0.5244648318042814 0.5236493374108053 0.5249745158002038 0.5235474006116208 0.5257900101936799 0.5299694189602446 0.5339449541284403 0.5383282364933741
0.5153924566768604 0.5237512742099898 0.5289500509683996 0.5313965341488277 0.5348623853211009 0.5319062181447503 0.5383282364933741 0.5351681957186545 0.5394495412844037 0.537920489296636 0.5396534148827726 0.5466870540265035 0.5434250764525994 0.5486238532110091
0.500407747196738 0.5182466870540265 0.5194699286442406 0.5194699286442406 0.5176350662589194 0.5250764525993884 0.526197757390418 0.5262996941896024 0.5279306829765545 0.5311926605504587 0.5314984709480123 0.5348623853211009 0.5367991845056065 0.5380224260958206
0.5227319062181448 0.5211009174311927 0.5235474006116208 0.5232415902140672 0.5230377166156983 0.5243628950050968 0.5283384301732925 0.5345565749235474 0.5329255861365954 0.5334352701325178 0.5349643221202854 0.5407747196738022 0.5380224260958206 0.5440366972477064
