0.5778797145769623 0.5945973496432212 0.60927624872579 0.6166156982670744 0.6166156982670744 0.6166156982670744 0.6166156982670744 0.6166156982670744 0.6166156982670744 0.6166156982670744 0.6166156982670744 0.6166156982670744 0.6166156982670744 0.6166156982670744
0.5783893985728848 0.5951070336391437 0.6091743119266055 0.6166156982670744 0.6166156982670744 0.6166156982670744 0.6166156982670744 0.6166156982670744 0.6166156982670744 0.6166156982670744 0.6166156982670744 0.6166156982670744 0.6166156982670744 0.6166156982670744
0.5745158002038736 0.5943934760448522 0.6096839959225281 0.6166156982670744 0.6166156982670744 0.6166156982670744 0.6166156982670744 0.6166156982670744 0.6166156982670744 0.6166156982670744 0.6166156982670744 0.6166156982670744 0.6166156982670744 0.6166156982670744
0.5757390417940876 0.5943934760448522 0.6089704383282365 0.6166156982670744 0.6166156982670744 0.6166156982670744 0.6166156982670744 0.6166156982670744 0.6166156982670744 0.6166156982670744 0.6166156982670744 0.6166156982670744 0.6166156982670744 0.6166156982670744
0.5769622833843018 0.5951070336391437 0.60927624872579 0.6166156982670744 0.6166156982670744 0.6166156982670744 0.6166156982670744 0.6166156982670744 0.6166156982670744 0.6166156982670744 0.6166156982670744 0.6166156982670744 0.6166156982670744 0.6166156982670744
0.5768603465851172 0.5948012232415902 0.609480122324159 0.6166156982670744 0.6166156982670744 0.6166156982670744 0.6166156982670744 0.6166156982670744 0.6166156982670744 0.6166156982670744 0.6166156982670744 0.6166156982670744 0.6166156982670744 0.6166156982670744
0.5770642201834862 0.5955147808358817 0.6099898063200816 0.6166156982670744 0.6166156982670744 0.6166156982670744 0.6166156982670744 0.6166156982670744 0.6166156982670744 0.6166156982670744 0.6166156982670744 0.6166156982670744 0.6166156982670744 0.6166156982670744
0.5759429153924567 0.5953109072375128 0.6097859327217126 0.6166156982670744 0.6166156982670744 0.6166156982670744 0.6166156982670744 0.6166156982670744 0.6166156982670744 0.6166156982670744 0.6166156982670744 0.6166156982670744 0.6166156982670744 0.6166156982670744
0.5754332313965341 0.5940876656472986 0.6095820591233435 0.6166156982670744 0.6166156982670744 0.6166156982670744 0.6166156982670744 0.6166156982670744 0.6166156982670744 0.6166156982670744 0.6166156982670744 0.6166156982670744 0.6166156982670744 0.6166156982670744
0.5774719673802242 0.5954128440366973 0.60927624872579 0.6166156982670744 0.6166156982670744 0.6166156982670744 0.6166156982670744 0.6166156982670744 0.6166156982670744 0.6166156982670744 0.6166156982670744 0.6166156982670744 0.6166156982670744 0.6166156982670744
