0.5247706422018349 0.5229357798165137 0.535270132517839 0.543934760448522 0.5644240570846075 0.5793068297655454 0.5871559633027523 0.5938837920489297 0.5966360856269113 0.5918450560652395 0.5872579001019368 0.5846075433231397 0.591743119266055 0.5831804281345566
0.5256880733944954 0.5271151885830785 0.5355759429153925 0.5419979612640163 0.5583078491335373 0.5743119266055046 0.56289500509684 0.5679918450560653 0.5728848114169215 0.5780835881753313 0.5703363914373089 0.5805300713557594 0.5774719673802242 0.5787971457696228
0.5164118246687054 0.5205912334352701 0.5256880733944954 0.5448521916411825 0.55361875637105 0.5750254841997962 0.5776758409785933 0.5855249745158002 0.5717635066258919 0.5756371049949032 0.5771661569826707 0.5841997961264016 0.5687054026503567 0.5739041794087666
0.5204892966360857 0.5284403669724771 0.518756371049949 0.5422018348623853 0.5509683995922529 0.5605504587155963 0.5707441386340469 0.5760448521916411 0.5663608562691131 0.572579001019368 0.5677879714576962 0.5682976554536188 0.573802242609582 0.5768603465851172
0.5214067278287462 0.5311926605504587 0.5228338430173293 0.5471967380224261 0.5515800203873599 0.5504587155963303 0.5569826707441387 0.5549439347604486 0.555045871559633 0.5668705402650357 0.5677879714576962 0.5506625891946992 0.5626911314984709 0.5642201834862385
0.5184505606523955 0.5256880733944954 0.5442405708460755 0.544546381243629 0.5543323139653414 0.5620795107033639 0.5645259938837921 0.5651376146788991 0.5655453618756371 0.5649337410805301 0.5649337410805301 0.5674821610601427 0.5625891946992865 0.573190621814475
0.5250764525993884 0.5349643221202854 0.5320081549439347 0.5392456676860347 0.5507645259938838 0.5679918450560653 0.5689092762487258 0.5710499490316004 0.564729867482161 0.5674821610601427 0.5667686034658511 0.5611620795107034 0.5672782874617737 0.5615698267074414
0.5159021406727828 0.5085626911314984 0.5254841997961264 0.5395514780835882 0.545973496432212 0.563710499490316 0.5649337410805301 0.5634046890927625 0.5671763506625892 0.5695208970438328 0.5740061162079511 0.5685015290519878 0.553822629969419 0.5672782874617737
0.525586136595311 0.5241590214067279 0.5218144750254842 0.5398572884811417 0.5499490316004078 0.5609582059123344 0.5616717635066258 0.5612640163098879 0.5547400611620795 0.5707441386340469 0.5518858307849134 0.563302752293578 0.564729867482161 0.5692150866462793
0.536289500509684 0.5357798165137615 0.5405708460754333 0.5484199796126402 0.5689092762487258 0.5745158002038736 0.5762487257900102 0.5768603465851172 0.5885830784913354 0.5788990825688073 0.5808358817533129 0.5847094801223242 0.5871559633027523 0.5799184505606524
