0.47522935779816516 0.47706422018348627 0.46472986748216105 0.4560652395514781 0.4355759429153925 0.4206931702344546 0.41284403669724773 0.40611620795107034 0.40336391437308866 0.40815494393476043 0.4127420998980632 0.41539245667686037 0.40825688073394495 0.41681957186544344
0.4743119266055046 0.4728848114169215 0.46442405708460754 0.45800203873598366 0.4416921508664628 0.42568807339449544 0.43710499490316 0.43200815494393474 0.4271151885830785 0.4219164118246687 0.42966360856269115 0.4194699286442406 0.42252803261977573 0.4212028542303772
0.4835881753312946 0.47940876656472986 0.4743119266055046 0.4551478083588175 0.44638124362895004 0.4249745158002039 0.42232415902140674 0.4144750254841998 0.4282364933741081 0.42436289500509683 0.42283384301732924 0.4158002038735984 0.4312945973496432 0.4260958205912334
0.4795107033639144 0.47155963302752296 0.48124362895005096 0.4577981651376147 0.4490316004077472 0.43944954128440367 0.4292558613659531 0.4239551478083588 0.43363914373088686 0.427420998980632 0.4322120285423038 0.43170234454638123 0.42619775739041793 0.4231396534148828
0.4785932721712538 0.4688073394495413 0.47716615698267073 0.4528032619775739 0.4484199796126402 0.44954128440366975 0.44301732925586135 0.4450560652395515 0.44495412844036697 0.4331294597349643 0.4322120285423038 0.4493374108053007 0.43730886850152906 0.43577981651376146
0.48154943934760447 0.4743119266055046 0.4557594291539246 0.455453618756371 0.4456676860346585 0.4379204892966361 0.43547400611620796 0.43486238532110094 0.4344546381243629 0.43506625891946993 0.43506625891946993 0.4325178389398573 0.4374108053007136 0.426809378185525
0.4749235474006116 0.46503567787971456 0.4679918450560652 0.46075433231396534 0.4492354740061162 0.43200815494393474 0.4310907237512742 0.4289500509683996 0.4352701325178389 0.4325178389398573 0.4332313965341488 0.43883792048929665 0.4327217125382263 0.4384301732925586
0.4840978593272171 0.4914373088685015 0.4745158002038736 0.46044852191641183 0.45402650356778795 0.436289500509684 0.43506625891946993 0.4365953109072375 0.4328236493374108 0.4304791029561672 0.42599388379204894 0.43149847094801225 0.44617737003058106 0.4327217125382263
0.4744138634046891 0.4758409785932722 0.4781855249745158 0.4601427115188583 0.45005096839959224 0.43904179408766564 0.4383282364933741 0.43873598369011213 0.4452599388379205 0.4292558613659531 0.4481141692150866 0.43669724770642204 0.4352701325178389 0.4307849133537207
0.463710499490316 0.46422018348623856 0.4594291539245668 0.45158002038735984 0.4310907237512742 0.4254841997961264 0.4237512742099898 0.4231396534148828 0.4114169215086646 0.42110091743119266 0.41916411824668703 0.41529051987767585 0.41284403669724773 0.4200815494393476
