0.4951070336391437 0.4966360856269113 0.49317023445463815 0.48634046890927624 0.48603465851172273 0.4786952089704383 0.472782874617737 0.47084607543323137 0.46972477064220186 0.4648318042813456 0.4675840978593272 0.4614678899082569 0.4572884811416921 0.45677879714576963
0.48521916411824667 0.48807339449541287 0.4835881753312946 0.47910295616717635 0.4802242609582059 0.47563710499490314 0.47339449541284406 0.4762487257900102 0.4730886850152905 0.4686034658511723 0.46656472986748215 0.46605504587155966 0.4579001019367992 0.45688073394495415
0.4935779816513762 0.48338430173292557 0.4834862385321101 0.4796126401630989 0.4743119266055046 0.4777777777777778 0.47553516819571867 0.47522935779816516 0.4746177370030581 0.47268093781855247 0.4724770642201835 0.46595310907237514 0.46238532110091746 0.4572884811416921
0.48848114169215084 0.48603465851172273 0.4832823649337411 0.48297655453618754 0.4836901121304791 0.4759429153924567 0.4689092762487258 0.46809378185524975 0.4691131498470948 0.463710499490316 0.46411824668705404 0.4603465851172273 0.4577981651376147 0.4564729867482161
0.5104994903160041 0.5130479102956167 0.5131498470948013 0.5108053007135576 0.5013251783893986 0.49683995922528035 0.49072375127421 0.4873598369011213 0.490519877675841 0.4847094801223242 0.48623853211009177 0.481039755351682 0.47186544342507647 0.47115188583078493
0.5034658511722732 0.5 0.4967380224260958 0.4935779816513762 0.4872579001019368 0.48267074413863403 0.4749235474006116 0.4762487257900102 0.4744138634046891 0.4703363914373089 0.4706422018348624 0.4698267074413863 0.4581039755351682 0.45310907237512743
0.4944954128440367 0.4859327217125382 0.4868501529051988 0.4847094801223242 0.48216106014271154 0.47716615698267073 0.47553516819571867 0.4763506625891947 0.4750254841997961 0.4764525993883792 0.47420998980632006 0.47003058103975537 0.46605504587155966 0.46167176350662587
0.48460754332313966 0.4762487257900102 0.4710499490316004 0.4686034658511723 0.4651376146788991 0.46809378185524975 0.46167176350662587 0.4648318042813456 0.46055045871559636 0.4620795107033639 0.4603465851172273 0.4533129459734964 0.4565749235474006 0.45137614678899085
0.49959225280326197 0.4817533129459735 0.4805300713557594 0.4805300713557594 0.4823649337410805 0.4749235474006116 0.47380224260958204 0.47370030581039757 0.47206931702344546 0.4688073394495413 0.4685015290519878 0.4651376146788991 0.46320081549439346 0.46197757390417943
0.47726809378185525 0.47889908256880737 0.4764525993883792 0.4767584097859327 0.47696228338430174 0.47563710499490314 0.4716615698267074 0.4654434250764526 0.4670744138634047 0.46656472986748215 0.46503567787971456 0.45922528032619775 0.46197757390417943 0.4559633027522936
