0.7667686034658512 0.7701325178389399 0.5986748216106015 0.5986748216106015 0.5943934760448522 0.5944954128440367 0.5986748216106015 0.5601427115188583 0.5601427115188583 0.5601427115188583 0.49215086646279305 0.49215086646279305 0.49184505606523954 0.49184505606523954
0.7669724770642202 0.7752293577981652 0.5992864424057085 0.5992864424057085 0.5948012232415902 0.5953109072375128 0.5992864424057085 0.5619775739041795 0.5619775739041795 0.5619775739041795 0.5203873598369011 0.5203873598369011 0.4926605504587156 0.4926605504587156
0.7667686034658512 0.7785932721712538 0.5992864424057085 0.5992864424057085 0.5950050968399593 0.5951070336391437 0.5990825688073395 0.5607543323139653 0.5609582059123344 0.5609582059123344 0.5028542303771661 0.5028542303771661 0.5028542303771661 0.5028542303771661
0.7669724770642202 0.7612640163098878 0.5988786952089704 0.5988786952089704 0.5945973496432212 0.5946992864424057 0.5990825688073395 0.5603465851172273 0.5603465851172273 0.5603465851172273 0.5170234454638124 0.5170234454638124 0.5170234454638124 0.5170234454638124
0.7672782874617737 0.7803261977573904 0.6 0.6 0.5957186544342508 0.5958205912334352 0.6 0.56289500509684 0.5632008154943935 0.56289500509684 0.4942915392456677 0.4942915392456677 0.4942915392456677 0.4942915392456677
0.7671763506625892 0.7754332313965342 0.5992864424057085 0.5992864424057085 0.5950050968399593 0.5951070336391437 0.5994903160040774 0.5608562691131499 0.5605504587155963 0.5609582059123344 0.507849133537207 0.507849133537207 0.507849133537207 0.507849133537207
0.7670744138634047 0.7632008154943934 0.598776758409786 0.598980632008155 0.5946992864424057 0.5949031600407747 0.5990825688073395 0.5604485219164118 0.5606523955147809 0.5606523955147809 0.5606523955147809 0.5605504587155963 0.5607543323139653 0.5608562691131499
0.7685015290519878 0.7720693170234455 0.6004077471967381 0.6004077471967381 0.5961264016309887 0.5964322120285424 0.6 0.5664627930682976 0.5643221202854231 0.5643221202854231 0.5643221202854231 0.5643221202854231 0.49918450560652394 0.49918450560652394
0.7676860346585117 0.7780835881753313 0.6001019367991846 0.6001019367991846 0.5958205912334352 0.5961264016309887 0.6009174311926605 0.5638124362895005 0.5636085626911315 0.5636085626911315 0.49582059123343525 0.49582059123343525 0.49582059123343525 0.49582059123343525
0.7676860346585117 0.7795107033639144 0.6004077471967381 0.6004077471967381 0.5958205912334352 0.5967380224260959 0.6019367991845056 0.5654434250764526 0.5646279306829766 0.5646279306829766 0.49887869520897044 0.49887869520897044 0.49887869520897044 0.49887869520897044
0.7843017329255861 0.7932721712538227 0.6489296636085627 0.6489296636085627 0.6404689092762488 0.644750254841998 0.6466870540265036 0.6145769622833843 0.6145769622833843 0.6147808358817534 0.5703363914373089 0.5703363914373089 0.5703363914373089 0.5703363914373089
0.7671763506625892 0.771763506625892 0.5990825688073395 0.5988786952089704 0.5948012232415902 0.5952089704383282 0.5994903160040774 0.56289500509684 0.563506625891947 0.563302752293578 0.4954128440366973 0.4954128440366973 0.4954128440366973 0.4954128440366973
0.7690112130479103 0.7806320081549439 0.6026503567787972 0.6030581039755352 0.5979612640163099 0.5994903160040774 0.6033639143730887 0.5666666666666667 0.5665647298674822 0.5669724770642202 0.5032619775739042 0.5032619775739042 0.5032619775739042 0.5032619775739042
0.7759429153924566 0.7809378185524974 0.608460754332314 0.608460754332314 0.6041794087665647 0.6043832823649338 0.6013251783893986 0.5821610601427115 0.5735983690112131 0.5735983690112131 0.5202854230377166 0.5202854230377166 0.5204892966360857 0.5204892966360857
0.7685015290519878 0.7741080530071356 0.6019367991845056 0.6019367991845056 0.5976554536187564 0.5977573904179408 0.6019367991845056 0.5654434250764526 0.5655453618756371 0.5655453618756371 0.500611620795107 0.500611620795107 0.500611620795107 0.500611620795107
0.7674821610601427 0.7622833843017329 0.6007135575942916 0.6007135575942916 0.5964322120285424 0.5968399592252803 0.6012232415902141 0.5650356778797145 0.5650356778797145 0.5645259938837921 0.4984709480122324 0.4984709480122324 0.4980632008154944 0.4980632008154944
0.7737003058103975 0.7767584097859327 0.6056065239551478 0.6056065239551478 0.6013251783893986 0.6015290519877676 0.6053007135575943 0.5710499490316004 0.5710499490316004 0.5710499490316004 0.5251783893985729 0.5251783893985729 0.5109072375127421 0.5109072375127421
0.7672782874617737 0.7604485219164119 0.599592252803262 0.599592252803262 0.5953109072375128 0.5954128440366973 0.599592252803262 0.5611620795107034 0.5616717635066258 0.5616717635066258 0.5031600407747197 0.5031600407747197 0.5031600407747197 0.5031600407747197
0.7687054026503568 0.7771661569826708 0.6027522935779817 0.6029561671763507 0.5984709480122324 0.598776758409786 0.6027522935779817 0.5665647298674822 0.5659531090723752 0.5665647298674822 0.5019367991845056 0.5019367991845056 0.5014271151885831 0.5014271151885831
0.7672782874617737 0.7714576962283385 0.5991845056065239 0.5991845056065239 0.5949031600407747 0.5951070336391437 0.598776758409786 0.5625891946992865 0.5625891946992865 0.5625891946992865 0.5625891946992865 0.4948012232415902 0.4948012232415902 0.4948012232415902
0.7713557594291539 0.7787971457696228 0.6032619775739042 0.6032619775739042 0.598980632008155 0.599388379204893 0.6001019367991846 0.5688073394495413 0.5672782874617737 0.5672782874617737 0.5050968399592253 0.5050968399592253 0.5050968399592253 0.5050968399592253
0.7669724770642202 0.7855249745158002 0.599388379204893 0.599592252803262 0.5951070336391437 0.5954128440366973 0.5997961264016309 0.5624872579001019 0.5624872579001019 0.562283384301733 0.49582059123343525 0.49582059123343525 0.49582059123343525 0.49582059123343525
0.7680937818552498 0.7634046890927625 0.6019367991845056 0.6019367991845056 0.5974515800203873 0.5977573904179408 0.6021406727828746 0.5654434250764526 0.5657492354740061 0.5657492354740061 0.5020387359836901 0.5020387359836901 0.5020387359836901 0.5020387359836901
0.7681957186544343 0.7617737003058104 0.6005096839959225 0.6009174311926605 0.5966360856269113 0.5972477064220183 0.6005096839959225 0.5646279306829766 0.5651376146788991 0.5651376146788991 0.4985728848114169 0.4985728848114169 0.4985728848114169 0.4985728848114169
0.7679918450560652 0.7839959225280326 0.6009174311926605 0.6009174311926605 0.5966360856269113 0.5967380224260959 0.6010193679918451 0.6010193679918451 0.5642201834862385 0.5642201834862385 0.5642201834862385 0.5642201834862385 0.4962283384301733 0.564118246687054
0.7674821610601427 0.7607543323139654 0.599592252803262 0.5997961264016309 0.5953109072375128 0.5958205912334352 0.6003058103975535 0.563506625891947 0.5636085626911315 0.5636085626911315 0.5013251783893986 0.5013251783893986 0.5013251783893986 0.5013251783893986
0.772782874617737 0.7751274209989807 0.6062181447502548 0.6062181447502548 0.6013251783893986 0.6035677879714577 0.6091743119266055 0.5718654434250765 0.5722731906218145 0.5722731906218145 0.5107033639143731 0.5107033639143731 0.5107033639143731 0.5107033639143731
0.7706422018348624 0.7853211009174312 0.6026503567787972 0.6026503567787972 0.5982670744138634 0.5985728848114169 0.6025484199796126 0.5670744138634047 0.5665647298674822 0.5665647298674822 0.5042813455657492 0.5042813455657492 0.5042813455657492 0.5042813455657492
0.7678899082568807 0.7610601427115189 0.6004077471967381 0.600611620795107 0.5963302752293578 0.5964322120285424 0.6005096839959225 0.563506625891947 0.5624872579001019 0.563302752293578 0.509683995922528 0.509683995922528 0.5091743119266054 0.509072375127421
0.7796126401630988 0.7746177370030581 0.6127420998980632 0.6127420998980632 0.6082568807339449 0.6089704383282365 0.6042813455657492 0.5929663608562691 0.5929663608562691 0.5782874617737003 0.5298674821610602 0.5298674821610602 0.5298674821610602 0.5298674821610602
