0.4221202854230377 0.4054026503567788 0.39072375127421 0.3833843017329256 0.3833843017329256 0.3833843017329256 0.3833843017329256 0.3833843017329256 0.3833843017329256 0.3833843017329256 0.3833843017329256 0.3833843017329256 0.3833843017329256 0.3833843017329256
0.4216106014271152 0.40489296636085625 0.3908256880733945 0.3833843017329256 0.3833843017329256 0.3833843017329256 0.3833843017329256 0.3833843017329256 0.3833843017329256 0.3833843017329256 0.3833843017329256 0.3833843017329256 0.3833843017329256 0.3833843017329256
0.4254841997961264 0.4056065239551478 0.39031600407747197 0.3833843017329256 0.3833843017329256 0.3833843017329256 0.3833843017329256 0.3833843017329256 0.3833843017329256 0.3833843017329256 0.3833843017329256 0.3833843017329256 0.3833843017329256 0.3833843017329256
0.4242609582059123 0.4056065239551478 0.3910295616717635 0.3833843017329256 0.3833843017329256 0.3833843017329256 0.3833843017329256 0.3833843017329256 0.3833843017329256 0.3833843017329256 0.3833843017329256 0.3833843017329256 0.3833843017329256 0.3833843017329256
0.4230377166156983 0.40489296636085625 0.39072375127421 0.3833843017329256 0.3833843017329256 0.3833843017329256 0.3833843017329256 0.3833843017329256 0.3833843017329256 0.3833843017329256 0.3833843017329256 0.3833843017329256 0.3833843017329256 0.3833843017329256
0.4231396534148828 0.40519877675840976 0.39051987767584095 0.3833843017329256 0.3833843017329256 0.3833843017329256 0.3833843017329256 0.3833843017329256 0.3833843017329256 0.3833843017329256 0.3833843017329256 0.3833843017329256 0.3833843017329256 0.3833843017329256
0.42293577981651376 0.4044852191641182 0.39001019367991846 0.3833843017329256 0.3833843017329256 0.3833843017329256 0.3833843017329256 0.3833843017329256 0.3833843017329256 0.3833843017329256 0.3833843017329256 0.3833843017329256 0.3833843017329256 0.3833843017329256
0.4240570846075433 0.40468909276248727 0.39021406727828745 0.3833843017329256 0.3833843017329256 0.3833843017329256 0.3833843017329256 0.3833843017329256 0.3833843017329256 0.3833843017329256 0.3833843017329256 0.3833843017329256 0.3833843017329256 0.3833843017329256
0.42456676860346587 0.4059123343527013 0.3904179408766565 0.3833843017329256 0.3833843017329256 0.3833843017329256 0.3833843017329256 0.3833843017329256 0.3833843017329256 0.3833843017329256 0.3833843017329256 0.3833843017329256 0.3833843017329256 0.3833843017329256
0.42252803261977573 0.40458715596330275 0.39072375127421 0.3833843017329256 0.3833843017329256 0.3833843017329256 0.3833843017329256 0.3833843017329256 0.3833843017329256 0.3833843017329256 0.3833843017329256 0.3833843017329256 0.3833843017329256 0.3833843017329256
